                                                                                                                                                                                                                                                                                                                                                                                                                                                                                                                                                                                                                                                                                                                                                                                                                                                                                                                                                                                                                                                                                                                
                                                         A                                                                                                                                                                                                                                                                                                                                                                                                                                                                                                                                                                                                                                                                                                                                                                                                                                                                                                                                                                                                                                                      
                                                         f                                                                                                                                                                                                                                                                                                                                                                                                                                                                                                                                                                              K                                                                                                                                                                                                                                                                                                                                                                                                                                                                       
                                                         y                                                                                                                                                                                                                                                                                                                                                                                                     M                                                                                                                                                                        a                                                                                                                                                                                                                                                                                                                                                                                                                                                                       
                                                         o                                                                                                                                                                                                                                                                                                                                                                                                     e                                                                                                                                                                        h                                                                                                                                                                                                                                                                                                                                                                                                                                                                       
                                                         n                                                                                                                                                                                                                                         D                                                                                                                                                           r                                                                             K                                                                                          r                                                                                                                                                                                                                                                                                                                                                                                                                                                                       
                                                         k                                                                                          B                                                                                          Ç                                                   i                                                                E            G                         G                                                   s                                                   K                         ı                                                                                          a                                                                                                                                                                                                                            Ş                                                   Z                                                   K                                                                                                                                  
                                            A            a                                                                                          a                                                                                          a                                                   y                                      E                         s            a                         ü                                                   i            İ                                      a                         r            K                                                                             m                                                   N                                                                                                                    T                                                   a                                                   o                                                   ı                                                                                                                    O             
                                            d            r                                                   A                                      l            B                                                                             n            Ç                         D            a                                      r            E            k            z            G            m            H                         I            n            s                                      s            K            k            ı            K                         K            M                         a                                                   e                                                   S                                                                e                         T            T            n                                                   n            A            B            K            r                                                   A                                      K                         s             
                                            ı            a                         A            A            n            A                         ı            i            B            B                         B                         a            a                         e            r            E            E            z            r            i            i            i            ü            a                         s            (            t                                      t            a            l            r            o                         ü            a            M            n            M                                      v                                                   a            S                                                   k                         r            u            l                                      Y            g            k            a            a            ı            B            Ş            B            r                         Y            a                         m             
                               A            y            h                         m            n            t            r            A            k            l            i            i                         u            B            k            n            Ç            n            b            d            l            i            z            ş            a            r            ş            k            H            p            İ            a            İ                         a            y            a            ş            c            K            t            l            a            m            a            M                         ş            N                                      k            a            S            S            S            i            T            a            n            ı                                      o            u            s            y            r            k            a            ı            a            d            I            a            r            K            a            D
                               d            a            i            A            a            k            a            t            y            e            e            n            t            B            r            u            k            k            o            i            a            i            a            n            u            e            n            e            h            k            a            a            ç            n            z            K            m            s            r            e            a            o            a            a            n            a            r            u                         e            i            O            R            a            m            i            i            i            r            o            b            c            u            U                         z            l            a            b            a            k            t            r            r            a            ğ            l            a            i            n            ü
                               a            m            s            ğ            s            a            l            v            d            s            c            g            l            o            d            r            a            ı            r            z            k            r            z            c            r            h            t            s            a            a            t            r            e            b            m            a            o            e            e            h            e            n            h            t            i            r            d            ğ            M            h            ğ            r            i            r            s            i            n            v            d            k            z            e            r            ş            V            g            d            r            u            m            a            m            n            t            h            d            o            b            l            i            z
                               n            a            a            r            y            r            y            i            ı            i            i            ö            i            l            u            s            l            r            u            l            ı            n            ı            a            u            i            e            u            n            r            a            t            l            u            i            r            n            r            l            i            l            y            y            y            s            a            i            l            u            i            d            d            z            y            u            r            o            a            a            a            o            l            f            a            a            a            a            a            r            a            l            a            a            ı            a            ı            v            ü            i            y            c
                               a            n            r            ı            a            a            a            n            n            r            k            l            s            u            r            a            e            ı            m            i            r            e            ğ            n            m            r            p            n            e            i            y            a            )            l            r            s            u            i            i            r            i            a            a            a            a            ş            n            a            ş            r            e            u            e            a            n            t            p            s            ğ            t            n            i            a            k            n            t            k            y            t            n            e            n            k            n            n            r            a            k            s            e            e
                                                                                                                                                                                                                                                                                                                                                                                                                                                                                                                                                                                                                                                                                                                                                                                                                                                                                                                                                                                                                                                                                                                
                              01           02           03           04           05           06           07           08           09           10           11           12           13           14           15           16           17           18           19           20           21           22           23           24           25           26           27           28           29           30           31           32           33           34           35           36           37           38           39           40           41           42           43           44           45           46           47           48           49           50           51           52           53           54           55           56           57           58           59           60           61           62           63           64           65           66           67           68           69           70           71           72           73           74           75           76           77           78           79           80           81
          Adana  01        0.000   109212.664   110794.656   117365.902   154457.268   129640.880   131444.969   134479.515   113223.802   112756.589   121101.127   120835.445   105025.985   129686.574   124780.803   116899.559   116490.771   141564.618   153729.632   116678.691   105422.518   118952.563   116009.008   148466.742   127544.504   120758.871   109102.254   157125.064   150558.064   108222.594   168036.831   125021.453   118786.266   125894.365   107795.826   122266.417   145480.191   174607.328   123227.477   143769.034   128984.366   116170.286   113431.909   119068.230   108297.921   115754.710   102035.811   123336.960   114255.390   147120.229   153331.829   164025.016   144164.429   129793.551   163109.132   106309.234   161944.923   153913.582   124545.089   158508.204   147620.996   132989.388   105456.866   110553.845   108577.138   153945.816   135203.568   136376.823   142079.126   133683.868   136397.321   105554.344   102037.616   142222.859   126780.853   115202.954   128378.190   142947.209   160894.536   107243.747   129035.670
       Adıyaman  02   109212.664        0.000   113945.907   124770.588   155194.197   118202.138   122186.366   146560.795   112739.747   115011.212   124564.052   139748.455   105496.530   120094.729   120028.573   120243.526   117765.876   132091.741   150906.417   115070.485   106410.861   111313.568   182815.308   191432.505   143051.988   124063.390   133950.662   188746.024   192214.823   120163.336   120086.377   120172.523   108506.552   115595.051   109307.869   130480.542   144191.293   126483.542   114916.391   117008.325   117438.604   115542.872   116983.355   236891.506   109983.774   118187.284   118821.695   119142.639   123360.359   124709.261   139647.452   184506.410   174727.334   118440.078   173235.530   106998.859   159487.819   157623.084   114404.659   153996.949   176823.555   203143.303   139484.991   112594.478   110923.456   135305.220   128951.481   135549.944   177374.693   119132.559   118548.891   105796.201   113128.696   137936.506   135755.578   120460.808   116432.379   126961.051   136979.301   113503.909   119238.478
 Afyonkarahisar  03   110794.656   113945.907        0.000   105472.942   106520.104   100172.708   154191.270   107308.313   118668.472   114739.617   137111.383   108808.220   110966.705   185806.277   154881.940   133921.572   127418.051   112053.070   106331.950   125284.370   111375.484   137993.237   109025.830   105622.265   105906.240   130833.032   110844.570   107044.922   112574.801   110888.464   121431.833   166950.325   127103.092   162243.576    95482.932   105925.962   120099.337   102985.680   147132.142   118224.097   165395.089   105710.872   110866.715   108593.095    97454.028   116088.334   107770.449   129233.562   109103.456   102253.738   108058.899   107467.740   105444.236   150676.523   106762.171   110838.393   118240.663   107753.954   157494.379   102927.732   105984.622   119896.544   109803.264    97464.167   112634.810   109538.041   169280.419   101367.667   106784.096   108444.759   109901.408   110744.467   107371.444   153000.770   110112.643   105479.485   151192.101   139612.064   123136.515   110247.229   171808.122
           Ağrı  04   117365.902   124770.588   105472.942        0.000   101812.555   103577.107   112273.104   192996.966   104790.797   104537.868   104516.783   131950.500   144425.431   100395.516   107476.431   101683.500   102289.667   104275.283   102352.344   105469.965   130767.424    99461.989   124142.388   103691.875   102492.237   103823.374   119329.471   112504.554   104533.927   192549.142   122348.684   107324.306   116705.196   100135.168   103451.499   191915.756   105299.555   106496.935   101932.172   105696.181   100089.268   103901.903   105635.609   119583.648   103999.693   126288.702   155578.596   108219.242   132097.796   105924.186   109962.849   110485.943   153542.582   100467.039   118113.804   156341.620   116283.744   102563.578   100188.850   103716.976   125606.614   129736.941   123960.369   104937.029   181299.820   102156.845   105987.560   105746.878   106491.764   110793.037   102950.950   138943.568   186686.629   110008.915   169987.367   143337.754    99754.632   105034.354   120103.007   119725.222   100560.681
         Amasya  05   154457.268   155194.197   106520.104   101812.555        0.000   108111.673   128095.126   124746.630   109530.077   105649.025   106845.093   116927.781   108580.529    98037.687   119759.913   100807.359   102121.799   111363.089   103939.095   110337.403   134470.386    97836.119   135793.674    97802.290   102091.856   106929.252   149628.803   125095.355   117277.935   121527.146   153211.729   119260.147   147707.325    98492.528   103226.695   104883.332   116100.378   158518.938   102261.748   139124.568    97937.866   118103.330   109679.420   136906.609   104497.048   155790.191   132708.904   113641.942   107870.762   140569.949   140316.422   132374.730   112556.384    98701.832   155803.631   131366.232   166991.950   147537.049    98819.074   143762.668   115741.176   123813.616   159298.198   105724.302   119330.556   151234.470   113688.267   141806.851   102127.584   143639.922   104519.371   132465.524   133096.083   126185.789   113541.473   102762.240    97335.161   112786.455   155377.505   170391.803    98791.442
         Ankara  06   129640.880   118202.138   100172.708   103577.107   108111.673        0.000   130016.499   107640.507   107979.175   110264.323   109587.968   115696.792   128398.326   126663.147   120999.693   101683.633   103312.447   130765.379   110991.618   107778.763   131287.940   105027.165   116411.405   103545.580   104465.101   100215.680   130844.717   108108.370   114473.130   124771.543   134320.695   122460.230   138108.692   111695.770    98978.221   105283.320   142183.209   110568.125   111732.701   122988.218   115921.456   125519.818   107755.519   115125.259   100705.682   123920.054   123991.510   112994.095   115121.735   130134.623   125126.423   109194.838   105315.279   119320.846   110138.325   127568.254   132605.961   106171.482   109512.947   101049.544   106199.652   121168.209   128659.751   100686.135   114825.676   111473.755   147297.666   117127.069   106111.720   134533.634   126598.144   128668.165   121851.096   162587.446   110949.792   104198.980   112746.620   170137.810   143808.894   129805.894   122472.841
        Antalya  07   131444.969   122186.366   154191.270   112273.104   128095.126   130016.499        0.000   119991.898   114690.617   129428.592   144328.340   126736.829   115491.559   162199.124   139913.468   149582.731   133209.895   132510.908   130092.133   122959.511   117680.678   151043.140   120481.439   113500.763   112886.692   146137.976   123583.857   126136.940   118441.246   115965.697   144374.631   144325.681   124199.279   161302.729   116393.728   111455.752   132971.743   119408.171   156072.578   133231.534   157540.503   149187.883   141325.628   122204.129   115904.837   127544.053   114933.710   133978.354   121819.663   121089.790   122255.460   126762.177   117870.565   149115.741   125741.406   116199.557   131196.328   116246.954   134409.830   127182.499   119654.907   129260.257   119487.173   135829.403   116673.611   131985.533   154767.351   125843.095   113280.388   129703.266   130232.759   116577.025   113057.907   147852.437   114913.854   111634.412   154049.083   142287.493   139105.052   126267.473   163528.757
         Artvin  08   134479.515   146560.795   107308.313   192996.966   124746.630   107640.507   119991.898        0.000   112325.776   105086.645   105555.530   142315.851   172734.399   101845.361   116014.277   102447.496   102979.610   108184.487   106571.678   113468.869   142879.268   100829.122   142727.261   138051.472   140659.278   107024.724   136568.095   106871.462   136252.976   188721.671   130761.675   116027.010   128228.446   101441.328   105059.871   144748.632   106141.127   120829.960   103655.240   119879.329   101287.144   113388.259   108511.881   135870.852   105794.978   136709.968   151105.893   115537.577   163356.037   119058.464   121193.969   105059.979   122140.612   101785.146   102995.794   177619.358   107298.000   125167.953   101307.964   128415.655   113550.356   152690.538   138233.534   106899.827   182638.111   119085.678   109163.281   117483.519   171022.397   119493.814   106933.059   170115.355   181491.459   114290.571   130530.186   131311.528   100758.192   108071.853   135454.484   131907.682   102084.805
          Aydın  09   113223.802   112739.747   118668.472   104790.797   109530.077   107979.175   114690.617   112325.776        0.000   153929.845   148191.153   107968.562   110092.862   142223.965   106503.226   161587.566   154130.957   113738.184   109412.951    99886.469   110646.860   159843.979   108155.048   104562.869   104956.963   130745.444   111664.608   109003.033   109613.012   110508.047   122349.893   106316.144   125724.135   172728.203   123098.171   104977.491   119586.928   103560.897   148838.158   109676.763   153621.609   110522.112   133861.745   108048.150   155228.879   114601.770   108279.706   120178.570   108369.138   103300.295   108623.742   109372.321   107507.374   145359.848   109229.718   110256.787   118063.405   105759.047   147590.221   106613.095   108022.346   115844.509   110320.515   122226.528   111498.991   111566.516   138351.784   103603.564   105384.216   115288.604   112067.503   110192.074   107668.631   143698.694   108250.805   104851.867   154714.162   132481.698   121544.042   111792.092   141725.233
      Balıkesir  10   112756.589   115011.212   114739.617   104537.868   105649.025   110264.323   129428.592   105086.645   153929.845        0.000   119694.475   112724.705   112794.613   111955.454   135789.170   119842.058   137434.890   110447.258   111640.716   127165.498   113067.767   140237.583   113138.980   104625.844   105024.729   119135.866   112506.211   104409.104   109605.411   112303.910   119995.454   121760.503   123223.913   177341.253   125328.668   105470.219   111747.400   111295.949   143674.606   114271.051   119268.376   111896.567   107502.472   112858.038   125484.652   116436.497   109933.022   153164.938   112606.646   113116.006   111646.635   104881.988   103259.461   117864.672   105511.999   112503.290   112409.927   108951.942   139877.382   106794.897   103663.688   115114.211   111645.492   124860.104   114093.239   111298.207   116071.326   113845.615   104897.341   112802.014   113070.055   112478.250   109497.914   125497.827   109294.236   104745.169   125863.522   115012.316   121201.738   112236.301   112683.513
        Bilecik  11   121101.127   124564.052   137111.383   104516.783   106845.093   109587.968   144328.340   105555.530   148191.153   119694.475        0.000   112450.264   118853.648   124053.016   144185.278   103152.152   104852.617   115257.698   112663.172   147504.702   119699.137   128420.206   112650.883   104545.531   105102.557   123155.205   118914.975   104859.087   110967.528   117279.289   125748.418   144014.894   130729.249   184906.933   130840.183   105781.730   116931.718   108859.083   143265.769   113127.230   235680.771   124359.382   152744.081   111794.202   133294.655   125036.342   115248.277   148979.893   112303.291   110217.444   113495.808   105532.298   103360.304   138853.605   106694.175   118295.432   116303.411   108084.104   150312.021   105731.838   103875.590   116880.696   117703.891   158310.084   119891.455   111082.289   125271.173   108890.981   105104.064   121101.083   113776.887   118563.695   114388.347   140628.783   110361.039   104770.245   137316.377   124394.130   128833.431   118655.524   126505.133
         Bingöl  12   120835.445   139748.455   108808.220   131950.500   116927.781   115696.792   126736.829   142315.851   107968.562   112724.705   112450.264        0.000   115424.043   118566.178   112370.333   109986.285   109273.763   120646.855   128372.321   109318.191   142519.718   110795.233   110868.329   171281.860   141980.940   111217.434   124873.067   171670.099   182649.012   143378.179   127478.663   112308.904   119450.140   114251.819   105886.722   123641.348   118558.261   114278.764   114135.048   111616.229   115653.329   109057.471   113388.470   106761.322   106531.036   120694.446   145227.984   112559.389   114132.300   113473.942   119231.894   163673.728   202495.578   116673.102   139969.731   138644.333   131384.802   128085.602   112909.934   134297.293   181606.266   134705.544   131780.889   108154.657   113699.357   118072.878   128017.219   112643.688   190665.833   125861.840   115734.006   166110.484   141014.317   136781.738   130411.686   135439.908   114485.899   117463.772   125075.981   125018.974   117853.368
         Bitlis  13   105025.985   105496.530   110966.705   144425.431   108580.529   128398.326   115491.559   172734.399   110092.862   112794.613   118853.648   115424.043        0.000   117686.434   114490.886   117128.361   115354.663   119117.699   109299.132   111544.037   104933.442   111029.763   114745.818   119779.783   166514.515   119168.649   104436.885   135455.529   134185.713   182391.807   112357.599   114476.212   105370.374   114115.612   107968.868   171192.865   110254.669   114986.493   113998.304   112401.042   115325.790   110599.651   113906.815   113168.947   108534.613   111578.056   162973.832   114494.144   119221.367   114399.380   120929.423   132154.102   175663.597   116175.879   123656.807   190337.351   119861.352   123159.365   112970.388   128119.352   145871.036   120733.962   107797.896   110244.965   127468.771   116998.359   110681.320   121077.021   140992.021   111801.776   115342.631   121910.445   202571.852   114709.071   168774.678   134998.229   114356.071   110189.003   107203.413   106491.037   117114.870
           Bolu  14   129686.574   120094.729   185806.277   100395.516    98037.687   126663.147   162199.124   101845.361   142223.965   111955.454   124053.016   118566.178   117686.434        0.000   171724.645   104683.097   105535.976   103144.671   109109.234   150491.711   130968.549    97564.337   118647.198    98237.749   100243.452   202012.410   129437.716    98881.155   106647.125   125539.493   132941.762   172009.892   137392.938    99981.782   121697.628   102146.367   111420.006   114594.526   105755.669   122379.397    99272.486   149460.153   154193.773   117285.640   122535.932   123416.495   124536.117   148275.140   117424.289   127886.162   125799.096    99359.079    98518.078   103158.888    99623.182   128057.342   112762.815   113256.226   100217.167   106346.276    98677.397   112292.378   128034.733   152918.585   112527.615   119718.097   213652.431   122195.734    99899.405   143077.532   125626.753   128890.609   122897.172   150823.113   107503.374   101016.376    97098.476   124738.417   139649.457   128653.900   109383.669
         Burdur  15   124780.803   120028.573   154881.940   107476.431   119759.913   120999.693   139913.468   116014.277   106503.226   135789.170   144185.278   112370.333   114490.886   171724.645        0.000   153403.883   153638.630   124838.219   119868.237   125025.827   115683.937   152423.271   112821.849   107592.259   107666.476   141598.534   119081.430   116998.755   113349.205   114227.251   134655.068   109682.596   144799.234   167171.236   111939.382   107174.198   128149.923   108907.053   159017.436   124728.863   160787.796   122327.294   140628.460   113316.977   112943.157   123653.609   112559.529   120728.407   112179.307   109376.730   118768.927   117599.457   114087.490   147784.196   117190.246   114467.247   125604.149   109663.033   172622.314   116017.750   115070.219   122126.205   116149.824   132239.746   115408.798   126254.689   161700.067   111390.111   108155.104   131844.560   128328.321   114707.088   111214.860   150872.692   110866.922   107128.430   158360.939   142180.393   132566.856   120629.709   160563.946
          Bursa  16   116899.559   120243.526   133921.572   101683.500   100807.359   101683.633   149582.731   102447.496   161587.566   119842.058   103152.152   109986.285   117128.361   104683.097   153403.883        0.000   101892.178   104903.213   107255.418   179771.800   116376.323   136641.719   109523.585   103248.139   103953.990   100103.025   115237.772   100778.073   106711.000   114863.051   121919.574   148680.525   125708.808   195526.879   126546.034   104759.404   107798.975   104696.925   155043.970   107042.943   124793.635   118848.384   150767.199   108547.468   128856.425   120285.824   112506.234   173505.225   109737.717   105520.564   109025.668   101169.696   100146.727   111372.052   101453.422   115468.637   109648.260   104509.887   115820.421   102254.346   100381.888   114535.514   114407.347   206339.683   117180.769   105661.668   112162.614   104394.204   101600.070   117396.850   106233.338   115553.090   111967.532   125601.586   109034.104   103855.931   133356.260   111120.210   124359.025   114779.473   105013.657
      Çanakkale  17   116490.771   117765.876   127418.051   102289.667   102121.799   103312.447   133209.895   102979.610   154130.957   137434.890   104852.617   109273.763   115354.663   105535.976   153638.630   101892.178        0.000   104943.926   106588.180   137294.170   114639.863   148245.922   108838.234   101669.475   102424.191   104287.895   114304.582   101707.497   106331.051   113644.779   120850.754   146827.369   123673.092   115798.039   168092.534   103260.867   107406.206   105414.543   138029.279   106926.900   110001.425   118639.655   125991.357   108187.132   173942.605   117806.395   111700.128   146887.949   109051.266   106294.495   109582.659   102064.476   101051.182   109112.964   102526.121   113994.394   109102.045   104688.211   122103.396   102979.400   101296.703   110797.752   113398.042   131430.723   115425.529   105533.747   111141.049   106188.902   102221.445   118604.269   105892.954   114029.748   111179.805   119094.703   106825.275   102579.569   114023.358   109392.151   121797.118   114246.455   105974.617
        Çankırı  18   141564.618   132091.741   112053.070   104275.283   111363.089   130765.379   132510.908   108184.487   113738.184   110447.258   115257.698   120646.855   119117.699   103144.671   124838.219   104903.213   104943.926        0.000   116150.799   114049.761   122650.572    98986.768   120131.581   103654.573   105005.849   117056.094   132670.965   109865.630   115059.338   127945.025   150270.030   126507.979   150546.059   100927.269   106220.878   106371.494   140389.421   130804.067   104913.061   137872.480   100887.263   120974.355   119135.177   123328.021   108184.508   135918.287   129483.260   117451.932   119263.411   135921.138   137435.459   111763.097   106014.627   102531.512   117319.627   120978.857   133546.194   113782.983   100847.225   102590.188   107199.597   121797.897   133383.596   110232.256   118477.409   120633.466   130119.689   142438.507   105323.081   135878.760   143566.062   121507.341   127322.136   152955.938   112982.367   104669.792    99558.074   138914.364   142293.778   152233.475   103692.838
          Çorum  19   153729.632   150906.417   106331.950   102352.344   103939.095   110991.618   130092.133   106571.678   109412.951   111640.716   112663.172   128372.321   109299.132   109109.234   119868.237   107255.418   106588.180   116150.799        0.000   110444.907   129383.522   102034.501   128587.040    99910.170   102697.121   107368.182   145398.557   105443.635   114851.189   121054.210   162743.242   120066.234   149699.509   104701.120   102969.805   104815.873   142141.350   146411.196   107251.672   137018.566   105401.729   115734.768   110483.315   131936.109   104394.728   151782.144   128868.759   113997.848   108518.589   139189.591   145466.814   107228.117   102394.234   106987.272   107298.547   126646.558   178606.344   129400.503   103881.127   111648.643   103281.406   122521.361   148710.821   105603.394   118570.999   144443.731   127645.628   135251.488   102674.822   140364.418   102383.192   127585.562   138967.677   144576.087   112408.391   103033.166   103847.981   131738.513   153633.666   172717.641   108674.972
        Denizli  20   116678.691   115070.485   125284.370   105469.965   110337.403   107778.763   122959.511   113468.869    99886.469   127165.498   147504.702   109318.191   111544.037   150491.711   125025.827   179771.800   137294.170   114049.761   110444.907        0.000   112283.089   132927.952   109554.135   105287.592   105642.867   141557.066   114016.737   109833.672   110707.018   111748.122   126634.129   115189.934   132152.267   189471.416   109732.203   105519.994   119608.354   104733.047   135405.011   111960.428   164898.712   115812.614   141065.708   109611.372   109055.906   117580.415   109603.931   156266.036   109546.910   104572.475   111403.814   110176.574   108201.481   144682.879   109524.879   111635.219   118217.533   106683.884   132012.607   107300.390   108760.858   118030.305   112168.099   151402.140   112820.140   113371.468   155687.092   105256.182   106060.049   120956.745   113593.679   111658.349   108763.175   144005.050   108993.126   105450.669   171687.347   133155.433   125440.404   114525.903   146518.747
