                                                                                                                                                                                                                                                                                                                                                                                                                                                                                                                                                                                                                                                                                                                                                                            
                                             A                                                                                                                                                                                                                                                                                                                                                                                                                                                                                                                                                                                                                                                                                                                              
                                             f                                                                                                                                                                                                                                                                                                                                                                                                  K                                                                                                                                                                                                                                                                                                                           
                                             y                                                                                                                                                                                                                                                                             M                                                                                                                    a                                                                                                                                                                                                                                                                                                                           
                                             o                                                                                                                                                                                                                                                                             e                                                                                                                    h                                                                                                                                                                                                                                                                                                                           
                                             n                                                                                                                                                                 D                                                                                                           r                                                     K                                                              r                                                                                                                                                                                                                                                                                                                           
                                             k                                                              B                                                              Ç                                   i                                            E        G                 G                                   s                                   K                 ı                                                              a                                                                                                                                                        Ş                                   Z                                   K                                                                                          
                                    A        a                                                              a                                                              a                                   y                          E                 s        a                 ü                                   i        İ                          a                 r        K                                                     m                                   N                                                                                T                                   a                                   o                                   ı                                                                                O         
                                    d        r                                   A                          l        B                                                     n        Ç                 D        a                          r        E        k        z        G        m        H                 I        n        s                          s        K        k        ı        K                 K        M                 a                                   e                                   S                                            e                 T        T        n                                   n        A        B        K        r                                   A                          K                 s         
                                    ı        a                 A        A        n        A                 ı        i        B        B                 B                 a        a                 e        r        E        E        z        r        i        i        i        ü        a                 s        (        t                          t        a        l        r        o                 ü        a        M        n        M                          v                                   a        S                                   k                 r        u        l                          Y        g        k        a        a        ı        B        Ş        B        r                 Y        a                 m         
                           A        y        h                 m        n        t        r        A        k        l        i        i                 u        B        k        n        Ç        n        b        d        l        i        z        ş        a        r        ş        k        H        p        İ        a        İ                 a        y        a        ş        c        K        t        l        a        m        a        M                 ş        N                          k        a        S        S        S        i        T        a        n        ı                          o        u        s        y        r        k        a        ı        a        d        I        a        r        K        a        D
                           d        a        i        A        a        k        a        t        y        e        e        n        t        B        r        u        k        k        o        i        a        i        a        n        u        e        n        e        h        k        a        a        ç        n        z        K        m        s        r        e        a        o        a        a        n        a        r        u                 e        i        O        R        a        m        i        i        i        r        o        b        c        u        U                 z        l        a        b        a        k        t        r        r        a        ğ        l        a        i        n        ü
                           a        m        s        ğ        s        a        l        v        d        s        c        g        l        o        d        r        a        ı        r        z        k        r        z        c        r        h        t        s        a        a        t        r        e        b        m        a        o        e        e        h        e        n        h        t        i        r        d        ğ        M        h        ğ        r        i        r        s        i        n        v        d        k        z        e        r        ş        V        g        d        r        u        m        a        m        n        t        h        d        o        b        l        i        z
                           n        a        a        r        y        r        y        i        ı        i        i        ö        i        l        u        s        l        r        u        l        ı        n        ı        a        u        i        e        u        n        r        a        t        l        u        i        r        n        r        l        i        l        y        y        y        s        a        i        l        u        i        d        d        z        y        u        r        o        a        a        a        o        l        f        a        a        a        a        a        r        a        l        a        a        ı        a        ı        v        ü        i        y        c
                           a        n        r        ı        a        a        a        n        n        r        k        l        s        u        r        a        e        ı        m        i        r        e        ğ        n        m        r        p        n        e        i        y        a        )        l        r        s        u        i        i        r        i        a        a        a        a        ş        n        a        ş        r        e        u        e        a        n        t        p        s        ğ        t        n        i        a        k        n        t        k        y        t        n        e        n        k        n        n        r        a        k        s        e        e
                                                                                                                                                                                                                                                                                                                                                                                                                                                                                                                                                                                                                                                                                                                                                                            
                          01       02       03       04       05       06       07       08       09       10       11       12       13       14       15       16       17       18       19       20       21       22       23       24       25       26       27       28       29       30       31       32       33       34       35       36       37       38       39       40       41       42       43       44       45       46       47       48       49       50       51       52       53       54       55       56       57       58       59       60       61       62       63       64       65       66       67       68       69       70       71       72       73       74       75       76       77       78       79       80       81
          Adana  01        0   332656   565827   960931   571472   498086   607075  1038823   852914   891037   752079   664846   727157   684444   636452   822733  1102438   565263   550111   733273   523807  1183315   491898   740850   843300   670099   223511   782305   814228   911922   192507   604976    84610   946209   896035  1047160   676850   303069  1157425   352588   844617   345252   665951   392682   873548   196283   552287   859786   731473   256845   180462   777258   947295   807073   718419   709835   816160   497531  1093111   562520   877405   627435   365846   680933   888448   442967   770212   258384   836561   283021   461190   619350   728793   786341  1070719  1058925   907616   714872   290398    98594   731938
       Adıyaman  02   332656        0   889010   643608   587313   689810   930258   721500  1176097  1214220  1075262   347523   409834   876696   959635  1145916  1425621   720616   654475  1056456   206484  1375567   240020   445110   525977   993282   152448   595681   567434   656416   315785   928159   407793  1138461  1219218   729837   832203   373623  1349677   508240  1036869   668435   989134   140804  1196731   161618   296781  1182969   414150   457143   503645   599082   691425   999325   695770   392512   843228   371034  1285363   475362   626754   375557   110193  1004116   571125   545679   962463   581567   561999   606204   616543   302027   473287   978592   753396   741602  1099868   839797   214328   243416   924189
 Afyonkarahisar  03   565827   889010        0  1323562   599586   260667   288056  1238294   337681   320807   204890  1083594  1284582   417426   165681   275544   555249   401713   506696   218040  1081232   681525   946802   951338  1142563   132129   780937   871959  1024716  1469347   749932   166007   577095   444419   325805  1344568   500201   509164   655635   430531   342827   226681    95721   847586   303318   753709  1109712   344553  1194940   427169   455155   824497  1079073   304565   675004  1267260   668661   706015   591321   639613  1001431  1081026   923271   110703  1445873   482020   503194   356056  1047049   337484   347445  1176775  1286218   519323  1364258  1429765   343983   447854   847824   656020   373393
           Ağrı  04   960931   643608  1323562        0   740574  1055772  1420922   368689  1605494  1584835  1366883   354494   233956  1153261  1389032  1423315  1702867   988110   833085  1485853   439234  1652132   492591   369099   183920  1300393   747274   541107   381122   433022   946364  1357556  1038372  1415026  1651129   169559   992033   812954  1626242   941704  1313433  1113552  1380476   587184  1628642   819860   519653  1612366   243629   890607   940704   588211   437596  1275890   814218   329399   956946   619038  1561928   676903   448718   461287   615032  1436027   228404   842043  1207622   964561   306054  1124635   982407   368625   425576  1197684   244227   145224  1376432  1106217   798941   873995  1200754
         Amasya  05   571472   587313   599586   740574        0   331270   814084   749280   928181   846256   628304   582827   723744   414682   752591   684736   964288   247533    92508   808540   693399   913553   532655   368256   559481   575891   584619   321321   427900  1030343   684234   718447   594678   676447   926627   761486   253454   311997   887663   314077   574854   513744   655974   464796   904140   508934   786865   935053   644142   326341   410664   273859   528435   537311   124366   878429   256056   219210   823349   113371   450793   497944   728678   711525   935287   200423   469043   413477   450233   624751   257905   791037   974606   459105   781176   846683   637853   367638   643551   614281   462175
         Ankara  06   498086   689810   260667  1055772   331270        0   483467   973878   586800   548817   316490   891842  1203850   188086   411210   387144   666849   131519   242280   467159  1000500   686957   755050   686922   878147   234510   700205   607543   760300  1388615   669200   387830   496363   449851   585246  1080152   243106   319510   661067   186893   348259   262475   314593   655834   562759   582150  1028980   593672  1003188   295364   334738   560081   814657   310715   410588  1186528   411732   441599   596753   375197   737015   816610   842539   370144  1218339   217604   273853   228839   782633   373482    83029  1096043  1205486   289982  1099842  1165349   411258   218513   767092   575288   235579
        Antalya  07   607075   930258   288056  1420922   814084   483467        0  1428506   346164   510661   480273  1265259  1327570   638847   129790   550927   718496   623134   728117   226722  1124220   956908  1047339  1047482  1238707   420285   823925  1093380  1120860  1512335   792920   127057   487988   719802   451987  1440712   721622   609701   931018   548276   618210   302958   371104   948123   429500   796697  1152700   317718  1331886   527706   501973  1045918  1253927   579948   896425  1310248   890082   804163   697207   861034  1184037  1177170   966259   299698  1488861   664161   724615   456593  1143193   327495   528619  1219763  1329206   740744  1460402  1525909   619366   669275   890812   699008   648776
         Artvin  08  1038823   721500  1238294   368689   749280   973878  1428506        0  1614067  1472683  1254731   377142   482847  1041109  1397605  1311163  1590715   889945   734921  1494426   518966  1539980   515240   377672   195651  1218303   827007   367453   333674   770211   985642  1366129  1077650  1302874  1569039   202944   854086   821527  1514090   950277  1201281  1122125  1298386   609833  1546552   831475   607118  1620939   403245   899180   949277   414557   160296  1163738   564998   578291   721329   627611  1449776   685476   239772   469860   694765  1353937   565593   850616  1095469   973134   314628  1133208   900317   572146   674468  1085531   115399   335568  1264280   994064   878674   913273  1088602
          Aydın  09   852914  1176097   337681  1605494   928181   586800   346164  1614067        0   279511   465423  1370591  1571579   675164   259837   427585   419140   727422   832405   125056  1368229   647368  1233799  1233942  1425167   431710  1067934  1197668  1307320  1756344  1036929   288031   864092   581495   112613  1627172   825910   796161   587412   707197   553566   513678   356255  1134583   136677  1040706  1396709    97325  1481937   714166   742152  1150206  1404782   565098  1000713  1554257   994370   990623   466057   965322  1327140  1363630  1210268   216374  1732870   807729   740222   643053  1329653   624481   673154  1463772  1573215   845032  1646862  1712369   489358   773563  1134821   943017   633926
      Balıkesir  10   891037  1214220   320807  1584835   846256   548817   510661  1472683   279511        0   256807  1423673  1610057   433418   417774   154258   214639   640850   794889   282993  1406707   339975  1286881  1213781  1405006   314248  1106412  1104453  1273425  1794822  1075407   397694   902570   308168   180343  1607011   685374   851341   314085   718724   280239   552156   226652  1187665   142655  1079184  1435187   380369  1535019   780602   780630  1056991  1311567   323351   907498  1592735   858791   994208   192730   927806  1233925  1343469  1248746   225283  1771348   770213   498476   714077  1295758   662959   635638  1502250  1611693   610723  1626701  1692208   216031   572451  1173299   981495   392180
        Bilecik  11   752079  1075262   204890  1366883   628304   316490   480273  1254731   465423   256807        0  1191091  1456506   214913   352259    94850   374402   422345   562307   371618  1253156   481807  1054299   995276  1186501    81666   952861   885948  1054920  1641271   921856   352585   749019   244701   433951  1388506   466869   618759   455917   486142   143109   421041   110380   955083   396263   925633  1281636   498131  1302437   548020   587394   838486  1093062   104847   688993  1439184   640286   761626   391603   695224  1015420  1124964  1095195   249552  1617797   537631   279971   481495  1077253   531844   403056  1348699  1458142   392218  1408196  1473703   118578   353946  1019748   827944   173675
         Bingöl  12   664846   347523  1083594   354494   582827   891842  1265259   377142  1370591  1423673  1191091        0   194396  1076380  1155252  1265905  1545610   855498   742944  1252073   142814  1575251   143176   226774   181388  1113271   450855   502146   342161   500995   649945  1123776   741953  1338145  1414835   385248   849708   573307  1549361   707924  1236553   879772  1193354   237769  1392348   459411   230966  1378586   114794   656827   702468   549250   433371  1199009   671893   240416   814621   459503  1485047   563831   409757   131164   318613  1199733   329945   680629  1162147   730781   267093   940364   816227   195994   336593  1178276   408807   500423  1299552   963892   502522   577576  1123873
         Bitlis  13   727157   409834  1284582   233956   723744  1203850  1327570   482847  1571579  1610057  1456506   194396        0  1265965  1356354  1542635  1822340  1045083   816640  1453175   205374  1764836   332761   352654   287285  1390001   513414   608044   448059   332614   712504  1324878   804512  1527730  1615937   412977   975588   762892  1738946   897509  1426138  1065154  1385853   427354  1593450   586000   285793  1579688    83799   846412   900364   655148   539269  1388594   797773    95539   940501   649088  1674632   753416   515655   320749   381172  1400835   161564   870214  1191177   978286   372991  1002923  1005812   134765   191716  1181239   468586   332042  1489137  1089772   565081   640135  1313458
           Bolu  14   684444   876696   417426  1153261   414682   188086   638847  1041109   675164   433418   214913  1076380  1265965        0   565477   272667   552219   207500   365570   583031  1185176   501484   935824   780431   971656   293079   884881   671103   840075  1573291   853876   542097   681039   264378   611768  1173661   252024   500284   475594   367667   162786   447151   321793   836608   574080   762924  1213656   709544  1183962   480040   519414   623641   878217   125242   474148  1371204   425441   622373   411280   527571   800575   910119  1027215   460965  1347462   398378   158828   413515   862408   558158   263803  1280719  1390162   174957  1193351  1258858   225785   139101   951768   759964    50106
         Burdur  15   636452   959635   165681  1389032   752591   411210   129790  1397605   259837   417774   352259  1155252  1356354   565477        0   422727   702432   549807   654790   148501  1148834   828708  1014404  1014547  1205772   292085   848539  1020053  1087925  1536949   817534    30159   644697   591602   360196  1407777   648295   576766   802818   515341   490010   271119   242904   915188   337709   821311  1177314   239496  1262542   494771   522757   972591  1227167   451748   823098  1334862   816755   771228   738504   787707  1149525  1144235   990873   171499  1513475   630114   651288   423658  1110258   394032   495539  1244377  1353820   667417  1427467  1492974   491166   595948   915426   723622   520576
          Bursa  16   822733  1145916   275544  1423315   684736   387144   550927  1311163   427585   154258    94850  1265905  1542635   272667   422727        0   270290   479692   633218   432490  1324067   398193  1125210  1077860  1269085   152577  1023772   943295  1112267  1712182   992767   423496   819930   161087   329840  1471090   524216   689670   372303   557053   133158   491952   181291  1025994   292152   996544  1352547   529866  1373348   618931   658305   895833  1150409   162193   746340  1510095   697633   832537   201398   766135  1072767  1207548  1166106   320463  1688708   608542   337318   552406  1134600   602755   473967  1419610  1529053   449565  1490780  1556287    68950   411293  1090659   898855   231022
      Çanakkale  17  1102438  1425621   555249  1702867   964288   666849   718496  1590715   419140   214639   374402  1545610  1822340   552219   702432   270290        0   757785   911824   491411  1602673   227923  1403816  1330716  1521941   431183  1302378  1221388  1390360  1990788  1271373   702102  1098536   313852   314822  1723946   802309   968276   246514   835659   397174   770558   459897  1304600   320334  1275150  1631153   517539  1651954   897537   936911  1173926  1428502   440286  1024433  1788701   975726  1111143   168661  1044741  1350860  1460404  1444712   438908  1967314   887148   615411   831012  1412693   881361   752573  1698216  1807659   727658  1743636  1809143   332966   689386  1369265  1177461   509115
        Çankırı  18   565263   720616   401713   988110   247533   131519   623134   889945   727422   640850   422345   855498  1045083   207500   549807   479692   757785        0   155546   607158   872823   706944   712079   615392   806617   374509   684603   526037   675036  1351388   763223   527829   590386   469838   725245  1008622   111748   346278   681054   213661   368245   356233   454592   644220   702758   608918  1015103   733671   965187   306885   389433   478575   733151   330702   329082  1057853   280374   398634   616740   302593   655509   745080   828662   510143  1182423   171706   262433   322862   697369   467240   109797   970461  1191609   252495  1028312  1093819   431244   161028   743535   669311   255566
          Çorum  19   550111   654475   506696   833085    92508   242280   728117   734921   832405   794889   562307   742944   816640   365570   654790   633218   911824   155546        0   715465   760277   864571   599533   460379   651604   482816   617143   364679   520023  1122466   734336   625372   561499   627465   833552   853609   204471   278818   838681   221003   525872   420669   562899   531674   811065   541458   853743   841978   736265   270039   377485   317217   571793   488329   167724   945307   266347   286088   774367   180249   494151   590067   761202   618450  1027410   107349   420060   320403   542356   531676   164830   857915  1124149   410122   873299   938806   588871   318655   676075   640424   413193
        Denizli  20   733273  1056456   218040  1485853   808540   467159   226722  1494426   125056   282993   371618  1252073  1453175   583031   148501   432490   491411   607158   715465        0  1248089   618063  1113659  1113802  1305027   346104   947794  1077528  1187180  1636204   916789   167891   743952   611496   225598  1507032   705770   676021   592173   587057   509904   393538   262799  1014443   203111   920566  1276569   144866  1361797   594026   622012  1030066  1284642   471642   880573  1434117   874230   870483   470818   845182  1207000  1243490  1090128   142839  1612730   687589   708763   522913  1209513   504341   553014  1343632  1453075   724892  1526722  1592229   494119   653423  1014681   822877   540470
     Diyarbakır  21   523807   206484  1081232   439234   693399  1000500  1124220   518966  1368229  1406707  1253156   142814   205374  1185176  1148834  1324067  1602673   872823   760277  1248089        0  1566352   154022   362905   321420  1187749   311162   655043   495058   537617   510252  1122626   602260  1329246  1413685   525280   946560   564408  1540462   699025  1227654   862902  1183601   228870  1391198   383748    93838  1377436   209593   774495   698112   645076   573403  1190110   801704   187955   949162   476968  1476148   581296   549789   224538   178920  1198583   366567   698094  1153248   776034   407125   800671   807328    98010   291951  1169377   548839   537045  1290653  1033830   362829   437883  1114974
         Edirne  22  1183315  1375567   681525  1652132   913553   686957   956908  1539980   647368   339975   481807  1575251  1764836   501484   828708   398193   227923   706944   864571   618063  1566352        0  1435675  1280282  1471507   559125  1384731  1170954  1339926  2073141  1353726   830044  1180889   237297   509712  1673512   751875  1000135    66056   867518   343523   947001   587839  1336459   472024  1262775  1713506   745668  1683813   979890  1019264  1123492  1378068   391288   973999  1871054   925292  1122224   142398  1027422  1300426  1409970  1527065   727011  1847313   898229   564978   913365  1362259  1058008   763654  1780569  1890012   677224  1693202  1758709   324544   638952  1451618  1259814   458682
         Elazığ  23   491898   240020   946802   492591   532655   755050  1047339   515240  1233799  1286881  1054299   143176   332761   935824  1014404  1125210  1403816   712079   599533  1113659   154022  1435675        0   278623   319452   974346   339628   487023   410776   639058   474653   984851   566661  1199214  1275910   523312   785300   434382  1410430   568999  1097622   740847  1054429    98844  1253423   320486   247240  1239661   252857   517902   563543   490424   499309  1060078   640444   338804   787902   315708  1346116   420036   514149   140256   281216  1060808   468008   536834  1023216   591856   395974   765072   677302   251412   434981  1039345   546871   638486  1160621   872570   398560   402284   984942
       Erzincan  24   740850   445110   951338   369099   368256   686922  1047482   377672  1233942  1213781   995276   226774   352654   780431  1014547  1077860  1330716   615392   460379  1113802   362905  1280282   278623        0   188190   927858   545087   288888   128903   659053   750787   985021   752183  1042492  1278594   390195   619499   440419  1253708   569169   940899   741017  1007941   359581  1256107   575487   442554  1239831   272852   518072   568169   335992   252894   903356   441684   452285   584412   246503  1189394   304369   232276   126653   476530  1063492   563996   469508   835088   592026   123468   752100   609872   407863   548462   825150   409885   475392  1003898   733683   604019   680834   828220
        Erzurum  25   843300   525977  1142563   183920   559481   878147  1238707   195651  1425167  1405006  1186501   181388   287285   971656  1205772  1269085  1521941   806617   651604  1305027   321420  1471507   319452   188190        0  1119503   631244   360218   200233   583433   789879  1176666   881887  1234136  1470239   205014   811143   632064  1445352   760814  1132543   932662  1199586   414070  1447752   635712   411355  1431476   207482   709717   759814   407322   256707  1095000   633328   382528   776056   438148  1381038   496013   267829   280397   499002  1255137   378815   661153  1026732   783671   125165   943745   801517   376383   478705  1016794   227306   290211  1195542   925327   682911   717510  1019864
      Eskişehir  26   670099   993282   132129  1300393   575891   234510   420285  1218303   431710   314248    81666  1113271  1390001   293079   292085   152577   431183   374509   482816   346104  1187749   559125   974346   927858  1119503        0   871056   845765   998522  1559466   840051   293507   667214   324297   411959  1318374   474007   536954   535513   404337   222705   339237    77434   873278   389472   843828  1199831   472053  1220632   466215   505589   798303  1052879   184443   648810  1357379   642467   679821   471199   613419   975237  1054832  1013390   216606  1535992   455826   359567   399690  1020855   450040   321251  1266894  1376337   493129  1338064  1403571   223861   421660   937943   746139   253271
      Gaziantep  27   223511   152448   780937   747274   584619   700205   823925   827007  1067934  1106412   952861   450855   513414   884881   848539  1023772  1302378   684603   617143   947794   311162  1384731   339628   545087   631244   871056        0   692735   724658   695958   195925   820447   300081  1161680  1111506   831196   796546   337966  1372896   472583  1060088   560723   881422   240987  1089019    77161   336323  1075257   515509   472316   395933   687688   857725  1022544   693358   493871   840816   407961  1308582   472950   787835   482008   149882   896404   672484   510022   985683   473855   662182   498492   580886   403386   512829  1001812   854755   842961  1123087   930343    56249   135704   947409
        Giresun  28   782305   595681   871959   541107   321321   607543  1093380   367453  1197668  1104453   885948   502146   608044   671103  1020053   943295  1221388   526037   364679  1077528   655043  1170954   487023   288888   360218   845765   692735        0   164083   944129   785885   993863   787281   935878  1202043   565710   487090   475517  1147094   589494   834285   789160   931390   466780  1179556   610585   738216  1210469   531633   553170   603267    47561   207561   796742   198002   706679   354333   281601  1082780   263250   129919   422315   716676   986941   739511   475840   728473   627124   239924   787198   533321   700534   802856   718535   473662   650907   897284   627068   745202   715932   721606
      Gümüşhane  29   814228   567434  1024716   381122   427900   760300  1120860   333674  1307320  1273425  1054920   342161   448059   840075  1087925  1112267  1390360   675036   520023  1187180   495058  1339926   410776   128903   200233   998522   724658   164083        0   780797   824190  1058424   825586  1102234  1351997   402378   679241   513822  1313450   642572  1000641   814420  1081344   491911  1329510   648890   574884  1313234   368301   591475   641572   207348   173522   963098   357789   543347   514120   319906  1249136   364111   103632   258983   608860  1136895   576179   542911   894830   665429    76592   825503   683275   537202   639524   884892   422067   487575  1063640   793425   783507   754237   887962
        Hakkari  30   911922   656416  1469347   433022  1030343  1388615  1512335   770211  1756344  1794822  1641271   500995   332614  1573291  1536949  1712182  1990788  1351388  1122466  1636204   537617  2073141   639058   659053   583433  1559466   695958   944129   780797        0   894769  1507143   986777  1834199  1798202   562914  1282057  1069361  2045415  1203978  1732607  1247419  1568118   733823  1775715   768264   383792  1761953   390268  1152881  1082629   987588   836973  1695063  1104242   428087  1246970   955557  1981101  1059885   848095   627218   547660  1583100   206212  1176683  1497646  1160551   705431  1185188  1312281   467312   187027  1487708   648450   426850  1795606  1396241   747346   822400  1619927
          Hatay  31   192507   315785   749932   946364   684234   669200   792920   985642  1036929  1075407   921856   649945   712504   853876   817534   992767  1271373   763223   734336   916789   510252  1353726   474653   750787   789879   840051   195925   785885   824190   894769        0   788961   268595  1130194  1080020  1032007   860835   487054  1341410   536573  1028602   529237   849936   377529  1057533   177177   537134  1043771   716320   440830   364447   787464   957501   991058   793134   694682  1000145   507737  1277096   572726   887611   612282   350693   864918   873295   626952   954197   442369   846767   467006   645175   604197   713640   970326  1055566  1043772  1091601   898857   146082   130817   915923
        Isparta  32   604976   928159   166007  1357556   718447   387830   127057  1366129   288031   397694   352585  1123776  1324878   542097    30159   423496   702102   527829   625372   167891  1122626   830044   984851   985021  1176666   293507   820447   993863  1058424  1507143   788961        0   616212   593318   388404  1379292   631986   548281   804534   486856   491726   242634   244620   886703   365917   792826  1148829   270263  1234057   466286   494272   956282  1210858   453464   806789  1306377   800446   742743   740220   771398  1133216  1115750   962388   173215  1484990   548722   634979   395173  1081773   365547   434206  1215892  1325335   651108  1398982  1464489   492882   579639   886941   695137   522292
   Mersin(İçel)  33    84610   407793   577095  1038372   594678   496363   487988  1077650   864092   902570   749019   741953   804512   681039   644697   819930  1098536   590386   561499   743952   602260  1180889   566661   752183   881887   667214   300081   787281   825586   986777   268595   616212        0   958899   908725  1123517   689540   315759  1170115   365278   857307   357942   678641   469039   886238   272640   628643   872476   807830   269535   193152   789948   959985   819763   731109   786192   828850   510221  1105801   575210   890095   703792   442202   693623   964805   455657   782902   271074   849251   295711   473880   695707   805149   799031  1147076  1135282   920306   727562   366755   174951   744628
       İstanbul  34   946209  1138461   444419  1415026   676447   449851   719802  1302874   581495   308168   244701  1338145  1527730   264378   591602   161087   313852   469838   627465   611496  1329246   237297  1199214  1042492  1234136   324297  1161680   935878  1102234  1834199  1130194   593318   958899        0   480007  1436390   514753   763013   213324   630396   106400   709879   350717  1099337   442319  1025653  1476384   680033  1446691   742768   782142   886370  1140946   154166   736877  1633932   688170   885102   149009   790300  1063304  1172848  1289943   489889  1610191   661107   327855   676243  1125137   820886   526532  1543447  1652890   440102  1456080  1521587    87422   401830  1214496  1022692   221559
          İzmir  35   896035  1219218   325805  1651129   926627   585246   451987  1569039   112613   180343   433951  1414835  1615937   611768   360196   329840   314822   725245   833552   225598  1413685   509712  1275910  1278594  1470239   411959  1111506  1202043  1351997  1798202  1080020   388404   908725   480007        0  1669831   860872   839542   489583   755794   455737   557059   336125  1177964    38849  1084087  1440090   210775  1525318   757547   785533  1149760  1404336   498849  1000267  1597638  1034289  1031278   368228   964876  1326694  1406289  1253649   215887  1776251   807283   673974   686434  1372312   667862   672708  1507153  1616596   786221  1689521  1755028   391529   747949  1178202   986398   567678
           Kars  36  1047160   729837  1344568   169559   761486  1080152  1440712   202944  1627172  1607011  1388506   385248   412977  1173661  1407777  1471090  1723946  1008622   853609  1507032   525280  1673512   523312   390195   205014  1318374   831196   565710   402378   562914  1032007  1379292  1123517  1436390  1669831        0  1012500   833421  1646709   962171  1333900  1134019  1400943   617455  1649109   839097   614740  1632833   332660   911074   961171   608679   354178  1296357   834685   507706   977413   639505  1582395   697370   433654   481755   702387  1456494   358385   862510  1228089   985028   326522  1145102  1002874   508405   603883  1218151    89164   136207  1396899  1126684   886296   920895  1221221
