                                                                                                                                                                                                                                                                                                                                                                                                                                                                                                                                                                                                                                                                                                                                                                            
                                             A                                                                                                                                                                                                                                                                                                                                                                                                                                                                                                                                                                                                                                                                                                                              
                                             f                                                                                                                                                                                                                                                                                                                                                                                                  K                                                                                                                                                                                                                                                                                                                           
                                             y                                                                                                                                                                                                                                                                             M                                                                                                                    a                                                                                                                                                                                                                                                                                                                           
                                             o                                                                                                                                                                                                                                                                             e                                                                                                                    h                                                                                                                                                                                                                                                                                                                           
                                             n                                                                                                                                                                 D                                                                                                           r                                                     K                                                              r                                                                                                                                                                                                                                                                                                                           
                                             k                                                              B                                                              Ç                                   i                                            E        G                 G                                   s                                   K                 ı                                                              a                                                                                                                                                        Ş                                   Z                                   K                                                                                          
                                    A        a                                                              a                                                              a                                   y                          E                 s        a                 ü                                   i        İ                          a                 r        K                                                     m                                   N                                                                                T                                   a                                   o                                   ı                                                                                O         
                                    d        r                                   A                          l        B                                                     n        Ç                 D        a                          r        E        k        z        G        m        H                 I        n        s                          s        K        k        ı        K                 K        M                 a                                   e                                   S                                            e                 T        T        n                                   n        A        B        K        r                                   A                          K                 s         
                                    ı        a                 A        A        n        A                 ı        i        B        B                 B                 a        a                 e        r        E        E        z        r        i        i        i        ü        a                 s        (        t                          t        a        l        r        o                 ü        a        M        n        M                          v                                   a        S                                   k                 r        u        l                          Y        g        k        a        a        ı        B        Ş        B        r                 Y        a                 m         
                           A        y        h                 m        n        t        r        A        k        l        i        i                 u        B        k        n        Ç        n        b        d        l        i        z        ş        a        r        ş        k        H        p        İ        a        İ                 a        y        a        ş        c        K        t        l        a        m        a        M                 ş        N                          k        a        S        S        S        i        T        a        n        ı                          o        u        s        y        r        k        a        ı        a        d        I        a        r        K        a        D
                           d        a        i        A        a        k        a        t        y        e        e        n        t        B        r        u        k        k        o        i        a        i        a        n        u        e        n        e        h        k        a        a        ç        n        z        K        m        s        r        e        a        o        a        a        n        a        r        u                 e        i        O        R        a        m        i        i        i        r        o        b        c        u        U                 z        l        a        b        a        k        t        r        r        a        ğ        l        a        i        n        ü
                           a        m        s        ğ        s        a        l        v        d        s        c        g        l        o        d        r        a        ı        r        z        k        r        z        c        r        h        t        s        a        a        t        r        e        b        m        a        o        e        e        h        e        n        h        t        i        r        d        ğ        M        h        ğ        r        i        r        s        i        n        v        d        k        z        e        r        ş        V        g        d        r        u        m        a        m        n        t        h        d        o        b        l        i        z
                           n        a        a        r        y        r        y        i        ı        i        i        ö        i        l        u        s        l        r        u        l        ı        n        ı        a        u        i        e        u        n        r        a        t        l        u        i        r        n        r        l        i        l        y        y        y        s        a        i        l        u        i        d        d        z        y        u        r        o        a        a        a        o        l        f        a        a        a        a        a        r        a        l        a        a        ı        a        ı        v        ü        i        y        c
                           a        n        r        ı        a        a        a        n        n        r        k        l        s        u        r        a        e        ı        m        i        r        e        ğ        n        m        r        p        n        e        i        y        a        )        l        r        s        u        i        i        r        i        a        a        a        a        ş        n        a        ş        r        e        u        e        a        n        t        p        s        ğ        t        n        i        a        k        n        t        k        y        t        n        e        n        k        n        n        r        a        k        s        e        e
                                                                                                                                                                                                                                                                                                                                                                                                                                                                                                                                                                                                                                                                                                                                                                            
                          01       02       03       04       05       06       07       08       09       10       11       12       13       14       15       16       17       18       19       20       21       22       23       24       25       26       27       28       29       30       31       32       33       34       35       36       37       38       39       40       41       42       43       44       45       46       47       48       49       50       51       52       53       54       55       56       57       58       59       60       61       62       63       64       65       66       67       68       69       70       71       72       73       74       75       76       77       78       79       80       81
          Adana  01        0    13637    23514    39291    26551    20519    27314    46054    36001    37529    31045    26040    28726    26863    27555    34544    45552    23197    22518    30455    19666    44576    20992    29903    35448    27817     8879    36056    34881    42611     8778    25780     3743    37103    37558    44436    28922    12710    43858    14998    32025    14280    27201    16365    36939     8156    20904    37328    30934    10674     7560    35457    42632    30975    29227    27601    35217    19949    42342    22953    39640    26438    13261    28032    36252    17835    31155    10665    35441    11722    18831    23994    28463    31890    46627    43577    35447    27876    11445     4313    28399
       Adıyaman  02    13637        0    35406    30499    26292    31287    39206    37262    47893    49421    42937    17248    19934    37497    39447    46436    57444    31876    28950    42347    10874    55210    12326    24146    26656    39709     7979    32490    30303    34768    14789    37672    15635    47737    49450    35644    37601    18373    54492    23395    42658    26172    39093     7699    48831     7565    13061    49220    22142    21993    19452    34518    38859    41609    32074    18809    38676    17191    52976    21709    35751    17772     5807    39924    27460    24946    41788    22557    30258    23614    27510    15202    20620    42523    37835    34785    46080    38602    10396    10215    39033
 Afyonkarahisar  03    23514    35406        0    53942    24221    11109    12689    54809    14970    14549     8556    45695    50533    16227     6978    12055    23063    16157    20296     9424    41473    26329    40461    38585    46512     6568    30687    37141    43563    64418    30585     7421    23288    18856    14577    54917    21868    21843    25611    17535    13777    10243     4221    35834    13958    29964    42711    16297    50653    17837    19107    34243    46775    12633    27005    49408    28823    28576    24095    26479    43142    45235    35068     5051    58059    19191    20519    14951    44123    14957    14246    45801    50270    21254    56716    58999    14411    17240    33253    26120    14981
           Ağrı  04    39291    30499    53942        0    30396    43711    59490    17477    66409    64197    54709    16929    11093    47114    57963    58382    69363    41433    34816    60863    20389    64828    22783    15459     8055    52658    32147    25529    16889    20377    40822    56188    41669    57355    67730     9360    42070    33729    64110    38133    52276    45559    55881    26218    67111    34881    24520    67736    12082    36732    38455    28153    21580    51226    33834    15691    40739    25762    62594    28246    22173    20490    27829    58204    10399    34575    50404    39722    13368    45310    40308    17541    22094    51305    13361     6197    55698    45091    34268    36249    48651
         Amasya  05    26551    26292    24221    30396        0    14178    35046    32994    38649    34115    24627    28037    36162    17032    30505    28300    39281    11036     4419    33103    30646    34746    24201    15436    23363    23125    25608    15765    19422    50171    30617    30028    26097    27273    38197    31768    11988    16171    34028    13841    22194    20788    26348    20338    37578    21860    35192    39976    32529    16743    19734    12867    25399    21144     5630    38668    12396     9827    32512     5212    21766    22086    30141    28671    40109     8737    20322    18924    19982    25532    10775    35336    45071    21223    33567    35850    25616    15009    28162    26199    18569
         Ankara  06    20519    31287    11109    43711    14178        0    22216    44747    25315    22360    13019    37629    46284     7426    17171    16518    27526     6063    10234    19769    37224    25139    32395    28523    36450     9791    26438    27079    33501    60169    26336    17198    19039    17666    24863    44855    11788    14059    24421     8287    12587    10631    13014    27768    24244    24653    38462    26642    42587    11998    13993    24181    36713    11538    16943    45159    18781    18514    22905    16417    33080    35173    30819    15337    52444     9129    11717     9367    34061    15375     4184    41552    46021    12452    46654    48937    16009     8439    29004    21871     8962
        Antalya  07    27314    39206    12689    59490    35046    22216        0    62259    15999    22893    20056    51647    54333    27265     6353    23555    32530    27195    31334    10227    45273    37829    46126    44701    52628    18698    34487    48179    49679    68218    34385     6482    26810    30356    20349    61033    32906    27508    37111    24939    25277    14715    15721    41499    19730    33764    46511    14222    56541    23502    23188    45281    57430    24133    38043    53208    39861    34747    35608    37517    54438    51351    38868    14103    61859    29759    31557    20616    50239    15762    24725    49601    54070    32292    62832    65115    25911    28278    37053    29920    26481
         Artvin  08    46054    37262    54809    17477    32994    44747    62259        0    68788    64112    54624    20170    25116    47029    60342    58297    69278    41524    34906    63242    26800    64743    26025    17838    10667    53613    38559    17620    16995    37168    46908    58567    47754    57270    68685    12240    41289    36108    64025    40512    52191    47938    56836    29460    68066    39684    31331    70115    21483    39111    40834    20244     8173    51141    28035    29714    35557    28141    62509    30625    11845    22869    34241    59159    27190    36954    50318    42101    15747    47689    41263    29470    36117    51219     8209    17893    55613    45005    40680    42334    48566
          Aydın  09    36001    47893    14970    66409    38649    25315    15999    68788        0    11996    20807    58169    63007    28576    12598    18235    19307    30363    34502     6195    53947    30773    52935    51510    59437    19836    43161    51347    56488    76892    43059    13168    35762    26906     4560    67842    36074    34317    29852    31722    23713    22717    16472    48308     5998    42438    55185     4556    63127    30311    31581    48449    60981    24884    41211    61882    43029    41556    24711    40685    57348    58160    47542    10506    70533    33397    33416    27425    57048    27431    28452    58275    62744    35460    69641    71924    20321    31446    45727    38594    27232
      Balıkesir  10    37529    49421    14549    64197    34115    22360    22893    64112    11996        0    11283    58261    64745    18035    19255     7278    10675    26601    31680    12852    55685    19614    53027    49091    57018    13456    44899    46556    53077    78630    44797    20270    37500    15949     8257    65423    28164    34691    18895    28919    12756    24455    10805    48400     6708    44176    56923    16201    63219    31733    33319    43658    56190    14344    36420    63620    35545    39960    13754    37863    52557    55741    49280    11901    72271    30575    22875    29102    53637    29169    25630    60013    64482    25775    67222    69505     9364    22869    47465    40332    16691
        Bilecik  11    31045    42937     8556    54709    24627    13019    20056    54624    20807    11283        0    48985    56743     8541    14170     5476    16457    17107    22404    16396    47683    18545    43751    39597    47524     4180    36897    37062    43583    70628    36795    14613    29498    11072    18594    55929    18670    25415    17827    19643     5993    18177     4822    39124    17045    36174    48921    23270    53943    22457    24452    34164    46696     4850    26926    55618    26051    30684    16311    28587    43063    46247    41278    10568    64269    21299    13381    19826    44143    22891    16354    52011    56480    16281    57728    60011     6706    13375    39463    32330     7197
         Bingöl  12    26040    17248    45695    16929    28037    37629    51647    20170    58169    58261    48985        0     9097    43890    49617    52556    63564    37354    32403    52517     6825    61603     6487    13616     9667    45829    18584    27780    19140    23106    27259    47842    28106    54130    59620    18655    40227    24766    60885    29788    49051    37213    49052     9922    59001    20146    11356    59390     5465    28386    30159    30404    23553    48002    31991    12175    38896    20644    59369    25162    24424     6637    14266    50094    15322    29403    48181    31376    15619    36085    33903     9495    18578    48916    20846    22646    52473    43248    20705    22686    45426
         Bitlis  13    28726    19934    50533    11093    36162    46284    54333    25116    63007    64745    56743     9097        0    52469    54905    61894    72902    45933    40501    57805     9813    70182    15066    21144    14467    55167    21571    32580    23940    15857    30246    53130    31093    62709    64908    19674    47755    33345    69464    38367    57630    41630    54551    18501    64289    24305    13944    64678     4364    36965    34910    35204    28353    56581    39519     5115    46424    29223    67948    33741    29224    15216    17253    55382     8073    37982    56089    38015    20419    39072    42482     6965    11518    56990    23400    15398    61052    50776    23692    25673    54005
           Bolu  14    26863    37497    16227    47114    17032     7426    27265    47029    28576    18035     8541    43890    52469        0    22158    12269    23250     9299    15341    24265    43456    18715    38454    31789    39716    12049    32670    29254    35775    66401    32568    22185    25271    11242    25387    48121    10862    20118    17997    14346     6163    16863    12691    33827    23838    30712    44694    31139    48646    18230    20225    26356    38888     5113    19118    51391    18243    24573    16481    21895    35255    38439    37051    18437    56462    15188     7692    15599    36335    21607    10243    47784    52253     8427    49920    52203     9585     5567    35236    28103     2537
         Burdur  15    27555    39447     6978    57963    30505    17171     6353    60342    12598    19255    14170    49617    54905    22158        0    17743    28751    22391    26530     7118    45653    32017    44641    43216    51143    12886    34867    43375    48194    68598    34765     2230    27468    24544    16598    59548    28102    26023    31299    23454    19465    14088     9909    40014    15979    34144    46891    11113    54833    22017    23287    40477    53009    18321    33239    53588    35057    33262    29783    32713    49376    49866    39248     8291    62239    25425    26753    19131    48754    18415    20480    49981    54450    27488    61347    63630    20099    23474    37433    30300    20669
          Bursa  16    34544    46436    12055    58382    28300    16518    23555    58297    18235     7278     5476    52556    61894    12269    17743        0    12366    20875    25908    19098    51187    17937    47255    44197    52124     7684    40401    40830    47351    74132    40299    18117    33002    10464    14503    60529    22438    28919    17219    23147     7271    21681     8326    42628    12954    39678    52425    22447    57447    25961    27956    37932    50464     8618    30694    59122    29819    34188    14460    32091    46831    50847    44782    14072    67773    24803    17149    23330    47911    26395    19858    55515    59984    20049    62328    64611     3879    17143    42967    35834    10965
      Çanakkale  17    45552    57444    23063    69363    39281    27526    32530    69278    19307    10675    16457    63564    72902    23250    28751    12366        0    31917    36996    22509    62275    11539    58343    54407    62334    18772    51489    51872    58393    85220    51387    29205    44090    16461    15903    70739    33480    40007    12523    34235    18072    32769    19414    53716    16110    50766    63513    23589    68535    37049    39044    48974    61506    19660    41736    70210    40861    45276    10139    43179    57873    61057    55870    21772    78861    35891    28191    34418    58953    37483    30946    66603    71072    31091    72538    74821    14680    28185    54055    46922    22007
        Çankırı  18    23197    31876    16157    41433    11036     6063    27195    41524    30363    26601    17107    37354    45933     9299    22391    20875    31917        0     7133    24872    38361    27211    31916    26422    34349    14894    29110    23757    30408    60317    30271    22301    22974    19738    29966    42754     5753    14768    26493     8996    14659    14528    18117    28053    29347    25362    41286    31745    42676    13087    16885    20859    33391    13609    13621    46383    12745    17541    24977    14299    29758    33072    33643    20440    51095     8844    12786    13302    30968    19272     4893    43051    48845    13687    44553    46836    18081     7473    31664    25806    11034
          Çorum  19    22518    28950    20296    34816     4419    10234    31334    34906    34502    31680    22404    32403    40501    15341    26530    25908    36996     7133        0    29180    33230    33358    26785    19797    27724    19202    26832    17350    23783    54532    29713    26105    22416    25885    34274    36129    10600    12490    32640     9917    20806    16865    22425    22922    33655    23084    37776    36053    36890    12990    16053    14452    26984    19756     7214    41252    13152    12411    31124     7795    23351    26447    31365    24748    44470     4813    18934    15000    24343    21609     6852    37920    46567    19835    37928    40211    24228    13621    29386    25248    17181
        Denizli  20    30455    42347     9424    60863    33103    19769    10227    63242     6195    12852    16396    52517    57805    24265     7118    19098    22509    24872    29180        0    48406    31286    47394    45969    53896    15174    37620    45806    50947    71351    37518     7627    30221    26618    10167    62301    30533    28776    30567    26181    21539    17176    11983    42767     9548    36897    49644     6943    57586    24770    26040    42908    55440    20395    35670    56341    37488    36015    25426    35144    51807    52619    42001     7116    64992    27856    29184    21884    51507    21890    22911    52734    57203    29919    64100    66383    21036    25905    40186    33053    22743
     Diyarbakır  21    19666    10874    41473    20389    30646    37224    45273    26800    53947    55685    47683     6825     9813    43456    45653    51187    62275    38361    33230    48406        0    62035     7298    18354    16232    45898    12302    33504    24864    24821    20977    43861    21824    54562    55639    25220    42257    25198    61317    30220    49483    32361    45282    10354    55020    15036     4626    55409    11718    28755    25641    36381    30118    48434    36063     8386    42665    21180    59801    25698    30989    10957     7984    46113    17037    29939    48613    28746    22184    29803    34335     4770    14847    49348    27411    24362    52905    45335    14423    16404    45858
         Edirne  22    44576    55210    26329    64828    34746    25139    37829    64743    30773    19614    18545    61603    70182    18715    32017    17937    11539    27211    33358    31286    62035        0    56358    49693    57620    22026    50574    47158    53679    84305    50472    32459    43175     9518    27042    66025    28766    38022     3452    32250    13288    34767    22668    51731    25493    48616    62598    35035    66550    36134    38129    44260    56792    15090    37022    69295    36147    42477     6199    39799    53159    56343    54955    28414    74366    33092    23477    33503    54239    39511    28147    65688    70157    26378    67824    70107    14204    23471    53140    46007    17293
         Elazığ  23    20992    12326    40461    22783    24201    32395    46126    26025    52935    53027    43751     6487    15066    38454    44641    47255    58343    31916    26785    47394     7298    56358        0    14052    15603    40507    15686    27487    20562    29042    22048    42520    22894    48978    54298    24591    35711    19444    55733    24466    43899    31891    43730     4600    53679    14824    11826    54068    11401    23064    24837    29515    28106    42850    29517    15302    36119    14634    54217    19152    26346     6655    13079    44772    21258    23393    43029    26054    19332    30873    28581    11970    21705    43764    26782    28582    47321    38789    18240    17474    40274
       Erzincan  24    29903    24146    38585    15459    15436    28523    44701    17838    51510    49091    39597    13616    21144    31789    43216    44197    54407    26422    19797    45969    18354    49693    14052        0     8283    37500    27632    15464     6824    35092    32867    41030    29659    42197    52572    16689    26912    18571    48952    22975    37118    30401    40723    16895    51953    24110    22357    52578    17450    21574    23297    18088    15379    36068    18676    24976    25581    10604    47436    13088    12608     7006    23610    43046    25029    19417    35246    24564     6778    30152    25150    22296    31379    36147    18488    20771    40540    29933    30186    28449    33493
        Erzurum  25    35448    26656    46512     8055    23363    36450    52628    10667    59437    57018    47524     9667    14467    39716    51143    52124    62334    34349    27724    53896    16232    57620    15603     8283        0    45336    27864    18207     9567    27502    36213    48866    37059    50033    60408     9183    34748    26407    56788    30811    44954    38237    48559    18765    59789    28989    20636    60414    10788    29410    31133    20831    14257    43904    26512    19019    33417    18440    55272    20924    14851    13168    23546    50882    17524    27253    43082    32400     6046    37988    32986    18775    25422    43983    11148    13265    48376    37769    29985    31639    41329
      Eskişehir  26    27817    39709     6568    52658    23125     9791    18698    53613    19836    13456     4180    45829    55167    12049    12886     7684    18772    14894    19202    15174    45898    22026    40507    37500    45336        0    33625    35977    42399    67356    33523    13143    26226    14524    18407    53753    20704    22143    21279    16371     9445    14905     3804    35852    17788    32902    45649    22019    50671    19185    21180    33079    45611     8301    25841    52346    27659    27412    19763    25315    41978    44071    38006     9550    60997    18027    16833    16554    42959    19619    13082    48739    53208    20090    55552    57835    10079    16076    36191    29058    10649
      Gaziantep  27     8879     7979    30687    32147    25608    26438    34487    38559    43161    44899    36897    18584    21571    32670    34867    40401    51489    29110    26832    37620    12302    50574    15686    27632    27864    33625        0    33899    32724    35081    10007    32983    10946    44306    44761    36906    34679    15451    51061    20473    39228    21483    34404    11142    44142     4008    13374    44531    23404    17877    14763    33300    40475    38178    31161    20071    37763    17792    49545    20796    37483    20982     5731    35235    28722    22024    38358    17868    33701    18925    24588    16464    20933    39093    39097    36047    42650    35079     3435     5527    35602
        Giresun  28    36056    32490    37141    25529    15765    27079    48179    17620    51347    46556    37062    27780    32580    29254    43375    40830    51872    23757    17350    45806    33504    47158    27487    15464    18207    35977    33899        0     9209    45445    39418    43210    36210    39964    51379    27126    23983    25122    46719    27022    34885    33970    39530    26741    50760    30661    37755    53158    29183    28125    29848     2938     9893    33835    10729    37414    18251    17154    45203    15395     6260    22404    37798    41853    35467    21918    33012    31115    13040    36703    23957    37169    43817    33913    24973    31208    38307    27699    36963    35000    31260
      Gümüşhane  29    34881    30303    43563    16889    19422    33501    49679    16995    56488    53077    43583    19140    23940    35775    48194    47351    58393    30408    23783    50947    24864    53679    20562     6824     9567    42399    32724     9209        0    36482    37658    45821    34450    46146    57363    18163    30861    23362    52901    27766    41067    35192    45514    23330    56744    28901    28792    57369    20220    26365    28088    11394     8906    40017    19185    28451    26707    15395    51385    17037     5914    13441    30045    47837    26504    24208    39195    29355     4077    34943    29941    28206    34854    40096    19962    22245    44489    33882    35203    33240    37442
        Hakkari  30    42611    34768    64418    20377    50171    60169    68218    37168    76892    78630    70628    23106    15857    66401    68598    74132    85220    60317    54532    71351    24821    84305    29042    35092    27502    67356    35081    45445    36482        0    43646    66530    44493    76564    78308    26147    61610    47200    83319    52222    71485    55030    67951    32356    77689    37705    23978    78078    18220    50820    48310    47335    40761    70436    53374    20458    60279    43078    81803    47596    41355    29071    29856    68782    10158    51837    69944    51415    32550    52472    56337    22308    14769    70845    30032    19917    74907    64631    37092    39073    67860
          Hatay  31     8778    14789    30585    40822    30617    26336    34385    46908    43059    44797    36795    27259    30246    32568    34765    40299    51387    30271    29713    37518    20977    50472    22048    32867    36213    33523    10007    39418    37658    43646        0    32809    10772    44132    44587    45625    35951    19739    50887    22027    39054    21309    34230    17554    43968     9083    22093    44357    32123    17703    14589    38333    45508    38004    36194    28790    42246    22825    49371    25829    42516    27627    14450    35061    37441    24864    38184    17694    38317    18751    25860    25183    29652    38919    47816    44766    42476    34905     7880     6502    35428
        Isparta  32    25780    37672     7421    56188    30028    17198     6482    58567    13168    20270    14613    47842    53130    22185     2230    18117    29205    22301    26105     7627    43861    32459    42520    41030    48866    13143    32983    43210    45821    66530    32809        0    25593    24896    17237    57673    27905    24148    31651    21579    19817    12213    10261    38139    16618    32269    45016    12929    52958    20142    21412    40280    52812    18673    33042    51713    34860    31387    30135    32516    49179    47991    37373     8643    60364    25305    26556    17256    46879    16540    19711    48106    52575    27291    59472    61755    20451    23277    35558    28425    21021
   Mersin(İçel)  33     3743    15635    23288    41669    26097    19039    26810    47754    35762    37500    29498    28106    31093    25271    27468    33002    44090    22974    22416    30221    21824    43175    22894    29659    37059    26226    10946    36210    34450    44493    10772    25593        0    37092    37547    46625    28911    12699    43847    14987    32014    14269    27190    18554    36928    10345    23093    37317    33123    10663     7549    35446    42621    30964    29216    29790    35206    19938    42331    22942    39629    28627    15449    28021    38441    17824    31144    10654    35430    11711    18820    26183    30652    31879    48816    45766    35436    27865    13634     6502    28388
       İstanbul  34    37103    47737    18856    57355    27273    17666    30356    57270    26906    15949    11072    54130    62709    11242    24544    10464    16461    19738    25885    26618    54562     9518    48978    42197    50033    14524    44306    39964    46146    76564    44132    24896    37092        0    23099    58411    21152    30408     8713    24636     5674    27153    15054    44117    21550    41002    54984    31043    58936    28520    30515    36646    49178     7476    29408    61681    28533    34863     7198    32185    45545    48729    47341    20800    66752    25478    15863    25889    46625    31897    20533    58074    62543    18764    60210    62493     6590    15857    45526    38393     9679
          İzmir  35    37558    49450    14577    67730    38197    24863    20349    68685     4560     8257    18594    59620    64908    25387    16598    14503    15903    29966    34274    10167    55639    27042    54298    52572    60408    18407    44761    51379    57363    78308    44587    17237    37547    23099        0    68845    35488    35974    26219    31463    20080    24374    14982    49965     2366    44095    56842     8642    64784    31968    33238    48171    60703    21668    40933    63539    42869    42504    21078    40407    57070    59163    49199     9802    72190    33119    30199    29082    58051    29088    28174    59932    64401    33099    70644    72927    16688    30193    47384    40251    24015
           Kars  36    44436    35644    54917     9360    31768    44855    61033    12240    67842    65423    55929    18655    19674    48121    59548    60529    70739    42754    36129    62301    25220    66025    24591    16689     9183    53753    36906    27126    18163    26147    45625    57673    46625    58411    68845        0    43003    34662    65043    39066    53209    46492    56814    27617    68044    37841    29488    68669    15827    37665    39388    29086    19386    52159    34767    24058    41672    26695    63527    29179    23058    21423    32398    59137    16265    35508    51337    40655    14301    46243    41241    25987    30461    52238     4525     6343    56631    46024    38837    40491    49584
