                                                                                                                                                                                                             
                                                                                                                                                                                                            K
                                                                                                                                                                                                            u
                                                                                                                                                                                                            z
                                                                                                                                                                                                            u
                                                                                                                                                                                                             
                                                                                                                                                                                                            L
                                                                                                                                                                                                            i
                                                                                                                                                                                                            m
                                                                                                                                                                                                            a
                                                                                                                                                                                                            n
                                                                                                                                                                                                            ı
                                                                                                                                                                                                             
                                                                                                                                                                                                            F
                                                                                                                                                                                                            e
                                                                                                                                                                                                            r
                                                                                                                                                                                                            i
                                                                                                                                                                                                            b
                                                                                                                                                                                                            o
                                                                                                                                                                                                            t
                                                                                                                                                                                                             
                                                                                                                                                                                                            İ
                                                                                                                                                                                                            s
                                                                                                                                                                                                            k
                                                                                                                                                                                                            e
                                                                                                                                           Y                                                                l
                                                                                                    Z                                      e                                                                e
                                                                                                    e                                      n                                                                s
                                                                                                    y                         Ş            i                                                                i
                                                                                                    t                         a                                                   Ş                          
                                                             Ç            B            K            i            T            h            B                         D            i                         G
                                                             ı            a            a            n            e            i            a            E            e            r            U            ö
                                                             n            d            l            l            p            n            d            ş            r            i            ğ            k
                                                             a            e            e            i            e            k            e            e            e            n            u            ç
                                                             r            m            k            k            k            a            m            l            k            k            r            e
                                                             l            l            ö            ö            ö            y            l            e            ö            ö            l            a
                                                             ı            i            y            y            y            a            i            k            y            y            u            d
                                                                                                                                                                                                            a
                                                             G            G            G            G            G            G            G            G            G            G            G             
                                                             ö            ö            ö            ö            ö            ö            ö            ö            ö            ö            ö            T
                                                             k            k            k            k            k            k            k            k            k            k            k            ü
                                                             ç            ç            ç            ç            ç            ç            ç            ç            ç            ç            ç            r
                                                             e            e            e            e            e            e            e            e            e            e            e            k
                                                             a            a            a            a            a            a            a            a            a            a            a            i
                                                             d            d            d            d            d            d            d            d            d            d            d            y
                                                             a            a            a            a            a            a            a            a            a            a            a            e
                                                            01           02           03           04           05           06           07           08           09           10           11           12
                              Çınarlı Gökçeada 01        0.000   161978.829   125571.216   101483.843   121205.141   101681.296   119937.863   137063.179   101789.566   112250.222   104003.492   110455.773
                              Bademli Gökçeada 02   161978.829        0.000   172544.480   165892.550   164844.227   123532.270   256750.493   154352.654   122800.129   127599.298   118151.134   227077.646
                              Kaleköy Gökçeada 03   125571.216   172544.480        0.000   175243.153   184637.708   130525.942   134175.895   134330.261   129832.173   133192.217   123094.867   174232.509
                          Zeytinliköy Gökçeada 04   101483.843   165892.550   175243.153        0.000   209001.951   129989.877   151628.845   129913.402   127667.078   133148.545   119601.526   110067.602
                              Tepeköy Gökçeada 05   121205.141   164844.227   184637.708   209001.951        0.000   164368.344   162275.920   135873.389   159387.728   154554.135   134215.537   122139.764
                            Şahinkaya Gökçeada 06   101681.296   123532.270   130525.942   129989.877   164368.344        0.000   120834.655   128644.809    97078.858   139271.755   107499.355   104860.932
                         Yeni Bademli Gökçeada 07   119937.863   256750.493   134175.895   151628.845   162275.920   120834.655        0.000   136133.990   120547.197   125730.966   116818.358   194767.989
                               Eşelek Gökçeada 08   137063.179   154352.654   134330.261   129913.402   135873.389   128644.809   136133.990        0.000   126550.592   123074.611   122978.024   176492.102
                              Dereköy Gökçeada 09   101789.566   122800.129   129832.173   127667.078   159387.728    97078.858   120547.197   126550.592        0.000   149796.346   110191.648   105013.034
                             Şirinköy Gökçeada 10   112250.222   127599.298   133192.217   133148.545   154554.135   139271.755   125730.966   123074.611   149796.346        0.000   147617.799   112206.051
                               Uğurlu Gökçeada 11   104003.492   118151.134   123094.867   119601.526   134215.537   107499.355   116818.358   122978.024   110191.648   147617.799        0.000   105879.118
 Kuzu Limanı Feribot İskelesi Gökçeada Türkiye 12   110455.773   227077.646   174232.509   110067.602   122139.764   104860.932   194767.989   176492.102   105013.034   112206.051   105879.118        0.000
