                                                                                                  
                                                                               A                  
                                                                               f                  
                                                                               y                  
                                                                               o                  
                                                                               n                  
                                                                               k                  
                                                                               a                  
                                                             D        K        r                  
                                           M                 e        ü        a                  
                                  İ        a        A        n        t        h                 M
                                  z        n        y        i        a        i        U        u
                                  m        i        d        z        h        s        ş        ğ
                                  i        s        ı        l        y        a        a        l
                                  r        a        n        i        a        r        k        a
                                                                                                  
                                                                                                  
                                  T        T        T        T        T        T        T        T
                                  ü        ü        ü        ü        ü        ü        ü        ü
                                  r        r        r        r        r        r        r        r
                                  k        k        k        k        k        k        k        k
                                  i        i        i        i        i        i        i        i
                                  y        y        y        y        y        y        y        y
                                  e        e        e        e        e        e        e        e
                                  1        2        3        4        5        6        7        8
          İzmir  Türkiye 1        0    38849   112061   225181   336125   325769   215887   210775
         Manisa  Türkiye 2    38849        0   140303   203009   313953   303597   193715   239017
          Aydın  Türkiye 3   112061   140303        0   125056   356255   325958   216374    97325
        Denizli  Türkiye 4   225181   203009   125056        0   262799   217945   142839   144866
        Kütahya  Türkiye 5   336125   313953   356255   262799        0    95561   140243   388822
 Afyonkarahisar  Türkiye 6   325769   303597   325958   217945    95561        0   110703   344553
           Uşak  Türkiye 7   215887   193715   216374   142839   140243   110703        0   279700
          Muğla  Türkiye 8   210775   239017    97325   144866   388822   344553   279700        0
