                                                                      A                  
                                                                      f                  
                                                                      y                  
                                                                      o                  
                                                                      n                  
                                                                      k                  
                                                                      a                  
                                                    D        K        r                  
                                  M                 e        ü        a                  
                         İ        a        A        n        t        h                 M
                         z        n        y        i        a        i        U        u
                         m        i        d        z        h        s        ş        ğ
                         i        s        ı        l        y        a        a        l
                         r        a        n        i        a        r        k        a
                        01       02       03       04       05       06       07       08
         İzmir 01        0     2366     4330    10269    14982    14553     9802     8642
        Manisa 02     2366        0     5962     9623    14336    13907     9156    10273
         Aydın 03     4330     5962        0     6195    16472    15275    10506     4556
       Denizli 04    10269     9623     6195        0    11983     9381     7116     6943
       Kütahya 05    14982    14336    16472    11983        0     4296     6179    18881
Afyonkarahisar 06    14553    13907    15275     9381     4296        0     5051    16297
          Uşak 07     9802     9156    10506     7116     6179     5051        0    14141
         Muğla 08     8642    10273     4556     6943    18881    16297    14141        0
