                                                                                                                                  
                                                                                                       A                          
                                                                                                       f                          
                                                                                                       y                          
                                                                                                       o                          
                                                                                                       n                          
                                                                                                       k                          
                                                                                                       a                          
                                                                             D            K            r                          
                                                   M                         e            ü            a                          
                                      İ            a            A            n            t            h                         M
                                      z            n            y            i            a            i            U            u
                                      m            i            d            z            h            s            ş            ğ
                                      i            s            ı            l            y            a            a            l
                                      r            a            n            i            a            r            k            a
                                                                                                                                  
                                                                                                                                  
                                      T            T            T            T            T            T            T            T
                                      ü            ü            ü            ü            ü            ü            ü            ü
                                      r            r            r            r            r            r            r            r
                                      k            k            k            k            k            k            k            k
                                      i            i            i            i            i            i            i            i
                                      y            y            y            y            y            y            y            y
                                      e            e            e            e            e            e            e            e
                                      1            2            3            4            5            6            7            8
          İzmir  Türkiye 1        0.000       32.712       89.553      185.178      269.719      297.443      198.758      171.891
         Manisa  Türkiye 2       32.712        0.000       93.628      172.485      238.316      270.320      171.766      175.777
          Aydın  Türkiye 3       89.553       93.628        0.000      110.048      255.922      256.255      164.942       82.938
        Denizli  Türkiye 4      185.178      172.485      110.048        0.000      197.745      166.074      102.721       90.358
        Kütahya  Türkiye 5      269.719      238.316      255.922      197.745        0.000       87.828       96.867      283.050
 Afyonkarahisar  Türkiye 6      297.443      270.320      256.255      166.074       87.828        0.000       98.713      256.354
           Uşak  Türkiye 7      198.758      171.766      164.942      102.721       96.867       98.713        0.000      186.198
          Muğla  Türkiye 8      171.891      175.777       82.938       90.358      283.050      256.354      186.198        0.000
