                                                                                                                                                                                                                                                                                                                                                                                                                                                                                                                                                                                                                                                                                                                                                                            
                                           A                                                                                                                                                                                                                                                                                                                                                                                                                                                                                                                                                                                                                                                                                                                                
                                           f                                                                                                                                                                                                                                                                                                                                                                                                  K                                                                                                                                                                                                                                                                                                                             
                                           y                                                                                                                                                                                                                                                                             M                                                                                                                    a                                                                                                                                                                                                                                                                                                                             
                                           o                                                                                                                                                                                                                                                                             e                                                                                                                    h                                                                                                                                                                                                                                                                                                                             
                                           n                                                                                                                                                                 D                                                                                                           r                                                     K                                                              r                                                                                                                                                                                                                                                                                                                             
                                           k                                                              B                                                              Ç                                   i                                            E        G                 G                                   s                                   K                 ı                                                              a                                                                                                                                                        Ş                                   Z                                   K                                                                                            
                                  A        a                                                              a                                                              a                                   y                          E                 s        a                 ü                                   i        İ                          a                 r        K                                                     m                                   N                                                                                T                                   a                                   o                                   ı                                                                                O           
                                  d        r                                   A                          l        B                                                     n        Ç                 D        a                          r        E        k        z        G        m        H                 I        n        s                          s        K        k        ı        K                 K        M                 a                                   e                                   S                                            e                 T        T        n                                   n        A        B        K        r                                   A                          K                 s           
                                  ı        a                 A        A        n        A                 ı        i        B        B                 B                 a        a                 e        r        E        E        z        r        i        i        i        ü        a                 s        (        t                          t        a        l        r        o                 ü        a        M        n        M                          v                                   a        S                                   k                 r        u        l                          Y        g        k        a        a        ı        B        Ş        B        r                 Y        a                 m           
                         A        y        h                 m        n        t        r        A        k        l        i        i                 u        B        k        n        Ç        n        b        d        l        i        z        ş        a        r        ş        k        H        p        İ        a        İ                 a        y        a        ş        c        K        t        l        a        m        a        M                 ş        N                          k        a        S        S        S        i        T        a        n        ı                          o        u        s        y        r        k        a        ı        a        d        I        a        r        K        a        D  
                         d        a        i        A        a        k        a        t        y        e        e        n        t        B        r        u        k        k        o        i        a        i        a        n        u        e        n        e        h        k        a        a        ç        n        z        K        m        s        r        e        a        o        a        a        n        a        r        u                 e        i        O        R        a        m        i        i        i        r        o        b        c        u        U                 z        l        a        b        a        k        t        r        r        a        ğ        l        a        i        n        ü  
                         a        m        s        ğ        s        a        l        v        d        s        c        g        l        o        d        r        a        ı        r        z        k        r        z        c        r        h        t        s        a        a        t        r        e        b        m        a        o        e        e        h        e        n        h        t        i        r        d        ğ        M        h        ğ        r        i        r        s        i        n        v        d        k        z        e        r        ş        V        g        d        r        u        m        a        m        n        t        h        d        o        b        l        i        z  
                         n        a        a        r        y        r        y        i        ı        i        i        ö        i        l        u        s        l        r        u        l        ı        n        ı        a        u        i        e        u        n        r        a        t        l        u        i        r        n        r        l        i        l        y        y        y        s        a        i        l        u        i        d        d        z        y        u        r        o        a        a        a        o        l        f        a        a        a        a        a        r        a        l        a        a        ı        a        ı        v        ü        i        y        c  
                         a        n        r        ı        a        a        a        n        n        r        k        l        s        u        r        a        e        ı        m        i        r        e        ğ        n        m        r        p        n        e        i        y        a        )        l        r        s        u        i        i        r        i        a        a        a        a        ş        n        a        ş        r        e        u        e        a        n        t        p        s        ğ        t        n        i        a        k        n        t        k        y        t        n        e        n        k        n        n        r        a        k        s        e        e  
                        01       02       03       04       05       06       07       08       09       10       11       12       13       14       15       16       17       18       19       20       21       22       23       24       25       26       27       28       29       30       31       32       33       34       35       36       37       38       39       40       41       42       43       44       45       46       47       48       49       50       51       52       53       54       55       56       57       58       59       60       61       62       63       64       65       66       67       68       69       70       71       72       73       74       75       76       77       78       79       80       81  
          Adana 01        0   332656   565827   960931   578870   498086   619237  1040420   852915   891037   751172   664846   727157   684444   636452   821826  1101531   588917   550111   733273   523807  1183315   491898   740850   844897   669192   223511   782305   751529   911922   192507   604976    84610   946241   896035  1048757   676850   303069  1157425   352887   857749   345252   665951   392682   873548   196547   552287   859786   731473   257099   180462   754333   947295   807073   718419   709835   816619   497531  1093111   562520   877405   627435   365846   680933   888448   442967   770212   258384   845056   283021   461190   619472   728793   786341  1071820  1064157   907616   714872   290398    98594   731938
       Adıyaman 02   332656        0   889010   643608   587313   689810   942420   723097  1176098  1214220  1074355   347523   409834   876696   959635  1145009  1424714   744270   654475  1056456   206484  1375567   240020   445110   527574   992375   152448   595681   500878   656416   315785   928159   407793  1138493  1219218   731434   832203   373623  1349677   508240  1050001   668435   989134   140804  1196731   161618   296781  1182969   414150   457143   503645   667175   696644   999325   695770   392512   843687   371034  1285363   475362   626754   375557   110193  1004116   571125   545679   962463   581567   561999   606204   616543   302149   473287   978592   754497   746834  1099868   839797   214328   243416   924189
 Afyonkarahisar 03   565827   889010        0  1323562   599586   260667   288056  1238294   337682   320807   204890  1083632  1284583   417426   165681   275544   555249   400908   506696   218040  1081233   681525   946802   951338  1142563   132129   780938   871959   962017  1469348   749933   166007   577096   444451   325805  1344568   500201   509164   655635   430531   355959   226682    95721   847586   303318   753974  1109713   344553  1194940   427169   455155   824497  1079073   304565   675004  1267261   669120   706015   591321   639613  1001431  1081026   923272   110703  1445874   482020   503194   356056  1055544   337485   344678  1176898  1286219   519323  1363762  1429765   343983   447854   847825   656021   373393
           Ağrı 04   960931   643608  1323562        0   740574  1055772  1420922   368689  1605495  1584835  1366883   354494   233956  1153261  1389032  1423315  1702867  1003459   833085  1485853   439234  1652132   492578   369099   183920  1300393   747274   541107   435550   433022   946364  1357556  1038372  1415058  1651129   169559   992033   812954  1626242   941704  1326565  1113552  1380476   587184  1628642   819860   519653  1612366   243629   890607   940704   588211   437596  1275890   814218   329399   957368   619038  1561928   676903   448718   461287   614613  1436027   228404   842043  1207622   964561   306054  1124635   982407   368625   425576  1197684   258402   145224  1376432  1106217   798941   873995  1200754
         Amasya 05   578870   587313   599586   740574        0   331270   817716   749202   928182   846256   628304   582787   723666   414682   752591   684736   964288   264880    92508   808540   693399   913553   532655   368178   559403   575891   584619   321321   365123  1030265   684234   718447   589858   676479   926627   761408   253454   307177   887663   314077   587986   513744   655974   464796   904140   508934   790702   935053   644064   321521   405844   273859   528435   537311   124366   878429   256515   219210   823349   113371   450793   497866   728678   711525   935209   200423   469043   413477   450155   624751   257905   794873   974606   459105   780602   846605   637853   367638   643551   614281   462175
         Ankara 06   498086   689810   260667  1055772   331270        0   483467   973878   586801   548817   316490   891880  1203850   188086   411210   387144   666849   130714   242280   467159  1000500   686957   755050   686922   878147   234510   700205   607543   697601  1388615   669200   387830   496363   449883   585246  1080152   243106   319510   661067   186893   361391   262475   314593   655834   562759   582150  1028980   593672  1003188   295364   334738   560081   814657   310715   410588  1186528   412191   441599   596753   375197   737015   816610   842539   370144  1218339   217604   273853   228839   791128   373482    80262  1096165  1205486   289982  1099346  1165349   411258   218513   767092   575288   235579
        Antalya 07   619237   942420   288056  1420922   817716   483467        0  1428506   346165   510661   480273  1184169  1327557   638847   129790   550927   718496   622329   725492   226722  1124207   956908  1047339  1047482  1238707   420285   823912  1090755  1058161  1512322   792907   127057   488001   719834   451987  1440712   721622   609701   931018   548276   631342   302958   371104   948123   429500   796948  1152687   317718  1295477   527706   501960  1043293  1253927   579948   893800  1310235   890541   804163   697207   858409  1184037  1177170   966246   299698  1488848   664161   724615   456593  1151688   327482   561069  1219872  1329193   740744  1459906  1525909   619366   669275   890799   698995   648776
         Artvin 08  1040420   723097  1238294   368689   749202   973878  1428506        0  1614068  1472683  1254731   377142   482847  1041109  1397605  1311163  1590715   891307   734921  1494426   518966  1539980   515227   377672   195651  1218303   827007   367453   356740   770211   985642  1366129  1077650  1302906  1569039   202944   854086   821527  1514090   950277  1214413  1122125  1298386   609833  1546552   831475   607118  1620939   403245   899180   949277   414557   160296  1163738   564998   578291   721751   627611  1449776   685476   239772   469860   694346  1353937   565593   850616  1095469   973134   314628  1133208   900317   558280   674468  1085531   115399   335568  1264280   994064   878674   913273  1088602
          Aydın 09   852915  1176098   337682  1605495   928182   586801   346165  1614068        0   279511   465423  1370629  1571580   675164   259837   427585   419140   726617   832405   125056  1368230   613302  1233799  1233942  1425167   431710  1067935  1197668  1244621  1756345  1036930   288031   864093   581527   112613  1627172   825910   796161   587412   707197   568793   513679   356255  1134583   136677  1040971  1396710    97325  1481937   714166   742152  1150206  1404782   565098  1000713  1554258   994829   990623   466057   965322  1327140  1363630  1210269   216374  1732871   807729   740222   643053  1338148   624482   670387  1463895  1573216   845032  1646366  1712369   489358   773563  1134822   943018   633926
      Balıkesir 10   891037  1214220   320807  1584835   846256   548817   510661  1472683   279511        0   256807  1423711  1610058   433418   417774   154258   214639   634462   794889   282993  1406708   339975  1286881  1213781  1405006   314248  1106413  1104453  1210726  1794823  1075408   397694   902571   308200   180343  1607011   685374   851341   314085   718724   295466   552157   226652  1187665   142655  1079449  1435188   380369  1535019   780602   819976  1056991  1311567   323351   907498  1592736   859250   994208   192730   927806  1233925  1343469  1248747   225283  1771349   770213   498476   714077  1295758   662960   632871  1502373  1611694   610723  1626205  1692208   216031   572451  1173300   981496   392180
        Bilecik 11   751172  1074355   204890  1366883   628304   316490   480273  1254731   465423   256807        0  1191129  1456506   214913   352259    94850   374402   415957   562307   371618  1253156   481807  1054299   995276  1186501    81666   952861   885948   992221  1641271   921856   352585   749019   244733   433951  1388506   466869   618759   455917   486142   156241   421042   110380   955083   396263   925897  1281636   498131  1302437   548020   587394   838486  1093062   104847   688993  1439184   640745   761626   391603   695224  1015420  1124964  1095195   249552  1617797   537631   279971   481495  1077253   531845   400289  1348821  1458142   392218  1407700  1473703   109810   353946  1019748   827944   173675
         Bingöl 12   664846   347523  1083632   354494   582787   891880  1184169   377142  1370629  1423711  1191129        0   194643  1076627  1155499  1266152  1545857   879399   743191  1252320   142814  1575498   143410   227021   181635  1113518   450855   502393   354808   501242   649945  1124023   741953  1338424  1415082   385495   849955   573554  1549608   708171  1249932   880019  1193601   238016  1392595   459658   230966  1378833   115041   657074   702715   549497   433618  1199256   672140   240416   815290   459750  1485294   564078   410004   131411   318194  1199980   330192   680876  1162394   731028   267340   940364   816474   182128   336593  1178523   408558   505901  1299799   964139   502522   577576  1124120
         Bitlis 13   727157   409834  1284583   233956   723666  1203850  1327557   482847  1571580  1610058  1456506   194643        0  1136816  1356354  1541728  1821433   987014   816640  1453175   205374  1635687   332748   352654   287285  1389094   513414   608044   502487   332614   712504  1324878   804512  1398613  1615937   412977   975588   762892  1609797   897509  1310120  1065154  1385853   427354  1593450   586000   285793  1579688    83799   846412   900364   655148   539269  1259445   797773    95539   940923   649088  1545483   660458   515655   320749   380753  1400835   161564   870214  1191177   978286   372991  1002923  1005812   134765   191716  1181239   469001   337273  1359987  1089772   565081   640135  1184309
           Bolu 14   684444   876696   417426  1153261   414682   188086   638847  1041109   675164   433418   214913  1076627  1136816        0   565477   272667   552219   201112   365570   583031  1185176   501484   935824   780431   971656   293079   884881   671103   777376  1573291   853876   542097   681039   264410   611768  1173661   252024   500284   475594   367667   175918   447151   321793   836608   574080   762924  1213656   709544  1056317   480040   519414   623641   878217   125242   474148  1371204   425900   622373   411280   527571   800575   910119  1027215   460965  1347462   398378   158828   413515   862408   558158   261036  1280841  1390162   174957  1192855  1258858   225785   139101   951768   759964    50106
         Burdur 15   636452   959635   165681  1389032   752591   411210   129790  1397605   259837   417774   352259  1155499  1356354   565477        0   422727   702432   549002   654790   148501  1148835   828708  1014404  1014547  1205772   292085   848540  1020053  1025226  1536950   817535    30159   644698   591634   360196  1407777   648295   576766   802818   515341   503142   271546   242904   915188   337709   821576  1177315   239496  1262542   494771   522757   972591  1227167   451748   823098  1334863   817214   771228   738504   787707  1149525  1144235   990874   171499  1513476   630114   651288   423658  1118753   394032   492772  1244500  1353821   667417  1426971  1492974   491166   595948   915427   723623   520576
          Bursa 16   821826  1145009   275544  1423315   684736   387144   550927  1311163   427585   154258    94850  1266152  1541728   272667   422727        0   270290   473314   633228   432490  1324077   398193  1125220  1052633  1243858   152587  1023782   943305  1049578  1712192   992777   423506   819940   161119   329840  1445863   524226   689680   372303   557063   148385   491963   181301  1026004   292152   996818  1352557   529866  1373358   618941   658315   895843  1150419   162203   746350  1510105   698102   832547   201398   766145  1072777  1182321  1166116   320473  1688718   608552   337328   552416  1134610   602766   471210  1419742  1529063   449575  1465057  1531060    68950   411303  1090669   898865   231032
      Çanakkale 17  1101531  1424714   555249  1702867   964288   666849   718496  1590715   419140   214639   374402  1545857  1821433   552219   702432   270290        0   751397   911824   491411  1602673   227923  1403816  1330716  1521941   431183  1302378  1221388  1327661  1990788  1271373   702102  1098536   313852   314822  1723946   802309   968276   246514   835659   412401   770559   459897  1304600   320334  1275414  1631153   517539  1651954   897537   936911  1173926  1428502   440286  1024433  1788701   976185  1111143   168661  1044741  1350860  1460404  1444712   438908  1967314   887148   615411   831012  1412693   881362   749806  1698338  1807659   727658  1743140  1809143   332966   689386  1369265  1177461   509115
        Çankırı 18   588917   744270   400908  1003459   264880   130714   622329   891307   726617   634462   415957   879399   987014   201112   549002   473314   751397        0   179270   605859   896547   700307   735803   630343   821568   373210   708327   521016   627288  1292430   786947   526530   614110   463233   723946  1023573   106728   370002   674417   237385   374740   379957   453293   667944   701459   632642  1038827   732372   906229   330609   413157   473554   728130   324065   324061  1081577   275812   422358   610103   326317   650488   760031   852386   508844  1197374   195430   255796   346586   712320   490964   130754   998021  1215333   245858  1042767  1108770   424607   154391   767259   693035   248929
          Çorum 19   550111   654475   506696   833085    92508   242280   725492   734921   832405   794889   562307   743191   816640   365570   654790   633228   911824   179270        0   715465   760277   864571   599533   460379   651604   482816   617143   364679   457324  1122466   734336   625372   561499   627497   833552   853609   204471   278818   838681   221003   539004   420669   562899   531674   811065   541458   857580   841978   736265   270039   377485   317217   571793   488329   167724   945307   266806   286088   774367   180249   494151   590067   761202   618450  1027410   107349   420060   320403   542356   531676   164830   861751  1124149   410122   872803   938806   588871   318655   676075   640424   413193
        Denizli 20   733273  1056456   218040  1485853   808540   467159   226722  1494426   125056   282993   371618  1252320  1453175   583031   148501   432490   491411   605859   715465        0  1248090   618063  1113659  1113802  1305027   346104   947795  1077528  1124481  1636205   916790   167891   743953   611528   225598  1507032   705770   676021   592173   587057   523036   393539   262799  1014443   203111   920831  1276570   144866  1361797   594026   622012  1030066  1284642   471642   880573  1434118   874689   870483   470818   845182  1207000  1243490  1090129   142839  1612731   687589   708763   522913  1218008   504342   550247  1343755  1453076   724892  1526226  1592229   494119   653423  1014682   822878   540470
     Diyarbakır 21   523807   206484  1081233   439234   693399  1000500  1124207   518966  1368230  1406708  1253156   142814   205374  1185176  1148835  1324077  1602673   896547   760277  1248090        0  1566352   154022   362905   323017  1186842   311162   655043   490692   537617   510252  1122626   602260  1329278  1413685   526877   946560   564408  1540462   699025  1240786   862902  1183601   228870  1391198   383748    93338  1377436   209593   774749   698112   644328   575000  1190110   801704   187955   949621   476968  1476148   581296   551386   224538   178501  1198583   366567   698094  1153248   776034   408722   800671   807328    97509   291451  1169377   549940   542276  1290653  1030582   362829   437883  1114974
         Edirne 22  1183315  1375567   681525  1652132   913553   686957   956908  1539980   613302   339975   481807  1575498  1635687   501484   828708   398193   227923   700307   864571   618063  1566352        0  1435675  1280282  1471507   559125  1384731  1170954  1277227  2073141  1353726   830044  1180889   237297   514486  1673512   751875  1000135    66056   867518   352093   947001   587839  1336459   476798  1262775  1713506   714512  1556168   979890  1019264  1123492  1378068   391288   973999  1871054   925751  1122224   142398  1027422  1300426  1409970  1527065   727011  1847313   898229   564978   913365  1362259  1058008   760887  1780691  1890012   677224  1692706  1758709   324544   638952  1451618  1259814   458682
         Elazığ 23   491898   240020   946802   492578   532655   755050  1047339   515227  1233799  1286881  1054299   143410   332748   935824  1014404  1125220  1403816   735803   599533  1113659   154022  1435675        0   278623   319452   974346   339628   487023   406410   639058   474653   984851   566661  1199252  1275910   523312   785300   434382  1410436   568999  1110760   740847  1054429    98844  1253423   320486   251076  1239661   252857   517902   563543   489676   499309  1060084   640444   338804   788361   315708  1346122   420036   514149   140256   280797  1060808   468008   536834  1023222   591856   395974   765072   677302   255247   434981  1039351   546375   643717  1160627   872570   398560   402284   984948
       Erzincan 24   740850   445110   951338   369099   368178   686922  1047482   377672  1233942  1213781   995276   227021   352654   780431  1014547  1052633  1330716   630343   460379  1113802   362905  1280282   278623        0   188190   927858   545087   288888   124537   659053   750787   985021   752183  1042524  1278594   390195   619499   440419  1253708   569169   954031   741017  1007941   359581  1256107   575487   446391  1239831   272852   518072   568169   335992   252894   903356   441684   452285   584834   246503  1189394   304369   232276   126653   476111  1063492   563996   469508   835088   592026   123468   752100   609872   393997   548462   825150   409389   475392  1003898   733683   660440   680834   828220
        Erzurum 25   844897   527574  1142563   183920   559403   878147  1238707   195651  1425167  1405006  1186501   181635   287285   971656  1205772  1243858  1521941   821568   651604  1305027   323017  1471507   319452   188190        0  1119503   631244   360218   254661   583433   789879  1176666   881887  1234168  1470239   205014   811143   632064  1445352   760814  1145675   932662  1199586   414070  1447752   635712   411355  1431476   207482   709717   759814   407322   256707  1095000   633328   382528   776478   438148  1381038   496013   267829   280397   498583  1255137   378815   661153  1026732   783671   125165   943745   801517   362517   478705  1016794   226810   290211  1195542   925327   682911   717510  1019864
      Eskişehir 26   669192   992375   132129  1300393   575891   234510   420285  1218303   431710   314248    81666  1113518  1389094   293079   292085   152587   431183   373210   482816   346104  1186842   559125   974346   927858  1119503        0   871056   845765   935823  1559466   840051   293507   667214   324329   411959  1318374   474007   536954   535513   404337   235837   339238    77434   873278   389472   844092  1199831   472053  1220632   466215   505589   798303  1052879   184443   648810  1357379   642926   679821   471199   613419   975237  1054832  1013390   216606  1535992   455826   359567   399690  1029350   450041   318484  1267016  1376337   493129  1337568  1403571   223861   421660   937943   746139   253271
      Gaziantep 27   223511   152448   780938   747274   584619   700205   823912   827007  1067935  1106413   952861   450855   513414   884881   848540  1023782  1302378   708327   617143   947795   311162  1384731   339628   545087   631244   871056        0   692735   661959   695958   195925   820447   300081  1161712  1111506   832793   796546   337966  1372896   472583  1073220   560723   881422   240987  1089019    77161   336323  1075257   515509   472570   395933   664763   857725  1022544   693358   493871   841275   407961  1308582   472950   787835   482008   149882   896404   672484   510022   985683   473855   737726   498492   580886   403508   512829  1001812   855856   848193  1123087   930343    56249   135704   947409
        Giresun 28   782305   595681   871959   541107   321321   607543  1090755   367453  1197668  1104453   885948   502393   608044   671103  1020053   943305  1221388   521016   364679  1077528   655043  1170954   487023   288888   360218   845765   692735        0   187149   944129   785885   993863   787281   935910  1202043   565710   487090   475517  1147094   589494   847417   789160   931390   466780  1179556   610585   742053  1210469   531633   553170   603267    47561   207561   796742   198002   706679   354755   281601  1082780   263250   129919   422315   716676   986941   739511   475840   728473   627124   239924   787198   533321   686668   802856   718535   473662   650907   897284   627068   745202   715932   721606
      Gümüşhane 29   751529   500878   962017   435550   365123   697601  1058161   356740  1244621  1210726   992221   354808   502487   777376  1025226  1049578  1327661   627288   457324  1124481   490692  1277227   406410   124537   254661   935823   661959   187149        0   834915   761250   995484   762646  1039326  1289057   456496   616301   450882  1250510   579632   950833   751480  1018404   391608  1266570   585950   574079  1250294   422419   528535   578632   229592   195766   900158   438486   597465   581636   256966  1186196   301171   125876   254341   603799  1073955   630297   479971   831890   602489   130710   762563   620335   521685   693642   821952   475689   541693  1000700   730485   720567   691297   825022
        Hakkari 30   911922   656416  1469348   433022  1030265  1388615  1512322   770211  1756345  1794823  1641271   501242   332614  1573291  1536950  1712192  1990788  1292430  1122466  1636205   537617  2073141   639058   659053   583433  1559466   695958   944129   834915        0   894769  1507143   986777  1705082  1798202   562914  1282057  1069361  1916266  1203978  1616589  1247419  1568118   733823  1775715   768264   383792  1761953   390268  1152881  1082629   987588   836973  1565914  1104242   279101  1247392   955557  1851952   966927   848095   627218   547660  1583100   206212  1176683  1497646  1160551   705431  1185188  1312281   467312   187027  1487708   648450   426850  1666456  1396241   747346   822400  1490778
          Hatay 31   192507   315785   749933   946364   684234   669200   792907   985642  1036930  1075408   921856   649945   712504   853876   817535   992777  1271373   786947   734336   916790   510252  1353726   474653   750787   789879   840051   195925   785885   761250   894769        0   788961   268595  1130226  1080020  1033604   860835   487054  1341410   536872  1041734   529237   849936   377529  1057533   177441   537134  1043771   716320   441084   364447   764539   957501   991058   793134   694682  1000604   507737  1277096   572726   887611   612282   350693   864918   873295   626952   954197   442369   855262   467006   645175   604319   713640   970326  1056667  1049004  1091601   898857   146082   130817   915923
        Isparta 32   604976   928159   166007  1357556   718447   387830   127057  1366129   288031   397694   352585  1124023  1324878   542097    30159   423506   702102   526530   625372   167891  1122626   830044   984851   985021  1176666   293507   820447   993863   995484  1507143   788961        0   616213   593370   388424  1379292   631986   548281   804554   486856   504878   243061   244640   886703   365937   793091  1148830   270263  1234057   466286   494272   956282  1210858   453484   806789  1306378   800905   742743   740240   771398  1133216  1115750   962389   173235  1484991   548722   634979   395173  1090268   365547   434206  1216015  1325336   651108  1398486  1464489   492902   579639   886942   695138   522312
   Mersin(İçel) 33    84610   407793   577096  1038372   589858   496363   488001  1077650   864093   902571   749019   741953   804512   681039   644698   819940  1098536   614110   561499   743953   602260  1180889   566661   752183   881887   667214   300081   787281   762646   986777   268595   616213        0   958931   908725  1125114   689540   315759  1170115   365577   870439   357942   678641   469039   886238   272904   628643   872476   807830   269789   193152   767023   959985   819763   731109   786192   829309   510221  1105801   575210   890095   703792   442202   693623   964805   455657   782902   271074   857746   295711   473880   695829   805149   799031  1148177  1140514   920306   727562   366755   174951   744628
       İstanbul 34   946241  1138493   444451  1415058   676479   449883   719834  1302906   581527   308200   244733  1338424  1398613   264410   591634   161119   313852   463233   627497   611528  1329278   237297  1199252  1042524  1234168   324329  1161712   935910  1039326  1705082  1130226   593370   958931        0   480007  1436390   514753   763013   213324   630396   114970   709879   350717  1099337   442319  1025653  1476384   680033  1319046   742768   782142   886370  1140946   154166   736877  1633932   688629   885102   149009   790300  1063304  1172848  1289943   489889  1610191   661107   327855   676243  1125137   820886   523765  1543569  1652890   440102  1455584  1521587    87422   401830  1214496  1022692   221559
          İzmir 35   896035  1219218   325805  1651129   926627   585246   451987  1569039   112613   180343   433951  1415082  1615937   611768   360196   329840   314822   723946   833552   225598  1413685   514486  1275910  1278594  1470239   411959  1111506  1202043  1289057  1798202  1080020   388424   908725   480007        0  1669831   860872   839542   489583   755794   470964   557060   336125  1177964    38849  1084352  1440091   210775  1525318   757547   785533  1149760  1404336   498849  1000267  1597639  1034748  1031278   368228   964876  1326694  1406289  1253650   215887  1776252   807283   673974   686434  1380807   667863   669941  1507276  1616597   786221  1689025  1755028   391529   747949  1178203   986399   567678
           Kars 36  1048757   731434  1344568   169559   761408  1080152  1440712   202944  1627172  1607011  1388506   385495   412977  1173661  1407777  1445863  1723946  1023573   853609  1507032   526877  1673512   523312   390195   205014  1318374   832793   565710   456496   562914  1033604  1379292  1125114  1436390  1669831        0  1012500   833421  1646709   962171  1347032  1134019  1400943   617455  1649109   839097   614740  1632833   332660   911074   961171   608679   354178  1296357   834685   507706   977835   639505  1582395   697370   433654   481755   701968  1456494   358385   862510  1228089   985028   326522  1145102  1002874   546931   603883  1218151    89164   136207  1396899  1126684   886296   920895  1221221
      Kastamonu 37   676850   832203   500201   992033   253454   243106   721622   854086   825910   685374   466869   849955   975588   252024   648295   524226   802309   106728   204471   705770   946560   751875   785300   619499   811143   474007   796546   487090   616301  1282057   860835   631986   689540   514753   860872  1012500        0   458009   723798   325392   424121   467964   569997   717819   822284   720649  1043725   845402   895140   418616   501164   440601   695177   373446   289939  1131452   183717   472233   659484   366394   617535   748942   940393   621874  1186285   283437   213102   434593   701231   578971   218761  1047896  1303340   203806  1031678  1097681   473988   111697   855266   781042   298310
